2,643,233,34,97
2,255,226,7,57
2,269,216,30,95
3,635,234,46,94
3,261,225,5,65
3,277,213,27,96
4,618,232,21,101
4,266,226,5,51
4,283,209,20,86
4,499,184,9,49
5,598,234,28,99
5,295,207,16,66
6,591,235,26,97
6,305,211,13,54
7,596,232,11,89
7,312,215,12,51
8,589,230,10,83
8,314,227,10,75
8,486,159,8,66
9,569,230,22,105
9,317,206,9,51
9,480,168,11,60
10,757,366,11,49
10,551,232,31,103
10,322,207,11,83
10,476,157,8,51
11,750,297,18,117
11,547,230,31,106
11,473,208,13,46
11,320,202,34,95
11,466,160,17,95
12,740,290,28,119
12,546,229,17,102
12,326,201,31,94
12,472,174,6,47
12,465,160,21,94
13,755,342,13,41
13,753,332,15,51
13,732,287,35,89
13,523,230,27,101
13,336,199,17,79
14,721,286,46,109
14,507,230,29,103
14,343,194,20,78
14,457,167,13,90
15,716,283,39,114
15,509,228,24,104
15,349,194,20,93
15,452,174,6,61
15,460,173,5,59
15,449,168,9,71
16,712,279,43,96
16,492,228,30,105
16,349,194,27,93
16,447,165,23,94
17,720,276,25,75
17,477,229,38,104
17,357,191,16,93
17,442,166,15,76
18,705,335,15,51
18,715,273,25,78
18,466,229,45,104
18,362,188,25,87
18,434,170,21,87
19,699,273,35,112
19,461,227,33,105
19,365,187,19,97
20,695,270,38,114
20,457,225,24,100
20,369,188,21,94
21,732,267,17,52
21,680,264,47,119
21,436,225,36,103
21,368,185,38,94
22,674,316,8,42
22,729,262,13,48
22,682,262,37,108
22,436,222,29,101
22,382,200,14,78
23,668,262,43,106
23,723,261,15,47
23,434,233,23,93
23,376,184,21,93
23,405,167,14,95
24,660,258,45,116
24,711,257,17,52
24,412,243,15,77
24,434,235,15,85
24,382,181,31,79
25,704,254,20,65
25,658,254,37,113
25,413,237,14,79
25,435,236,15,76
25,399,177,13,80
25,388,172,9,85
26,695,252,26,78
26,656,252,35,114
26,411,235,16,81
26,388,169,23,88
27,653,253,33,113
27,694,250,15,54
27,408,229,19,84
27,390,168,18,74
28,646,264,35,96
28,689,250,15,53
28,406,231,20,68
29,636,261,35,99
29,682,245,15,54
29,403,226,14,73
30,629,246,36,115
30,678,243,19,55
30,396,236,29,73
31,623,246,39,114
31,672,240,20,60
31,398,220,17,83
32,620,301,41,51
32,618,244,36,58
32,661,240,18,42
33,610,242,47,110
33,655,237,19,38
34,610,239,31,111
34,385,213,5,55
35,626,303,7,43
35,602,236,38,73
36,600,282,30,65
36,606,234,37,107
36,384,213,7,55
37,633,234,8,48
37,595,234,32,93
38,590,232,29,82
39,582,230,32,84
40,756,337,12,71
40,569,227,37,103
40,614,226,16,42
40,437,187,27,94
41,739,348,19,52
41,756,276,11,48
41,562,224,63,105
41,438,185,30,95
42,738,339,18,57
42,753,276,15,43
42,559,222,61,107
42,443,183,26,92
43,737,336,12,58
43,746,277,11,49
43,563,222,31,59
43,561,219,55,110
43,443,182,26,90
44,729,268,21,57
44,552,217,58,113
44,444,180,27,89
45,729,325,9,61
45,721,265,27,56
45,546,218,63,110
45,446,178,23,86
46,708,262,35,119
46,540,216,65,109
46,447,176,23,89
47,562,272,14,47
47,707,263,32,119
47,534,217,29,103
47,576,213,26,104
47,449,174,18,87
48,703,317,21,62
48,701,255,25,117
48,517,210,76,109
48,445,173,20,89
49,513,283,29,37
49,694,253,26,129
49,514,212,75,97
49,458,201,8,53
50,680,251,35,128
50,505,213,50,78
50,557,210,28,89
51,671,250,39,127
51,501,207,81,103
52,672,248,27,121
52,500,207,51,105
52,550,205,23,102
53,682,313,8,53
53,672,305,6,63
53,668,244,26,122
53,492,204,77,102
54,669,302,13,66
54,502,265,56,45
54,666,242,24,58
54,493,206,49,104
54,540,203,26,92
55,480,256,12,47
55,646,242,35,124
55,510,221,10,56
55,493,205,15,55
55,515,203,46,104
56,641,242,33,124
56,479,200,79,108
57,642,294,26,68
57,645,236,22,53
57,475,201,44,101
57,528,199,24,101
58,630,232,31,123
58,468,200,78,102
59,644,255,12,100
59,622,232,21,116
59,466,201,77,101
60,622,285,16,61
60,643,277,9,67
60,627,233,21,52
60,469,198,70,104
61,618,227,26,121
61,518,198,10,95
61,466,195,32,107
61,506,194,11,55
61,367,162,12,72
62,613,223,29,121
62,464,192,61,106
62,357,162,17,85
63,610,222,29,121
63,485,200,38,95
63,489,198,26,76
63,463,193,31,103
63,342,162,29,87
64,608,221,29,121
64,469,195,37,98
64,467,193,39,52
64,508,192,12,61
64,339,162,30,86
65,606,218,27,122
65,456,189,60,103
65,337,159,23,86
66,604,215,27,118
66,508,212,6,59
66,453,189,52,74
66,325,162,33,84
67,459,231,49,44
67,602,211,27,116
67,448,188,63,91
67,319,163,36,85
68,600,212,27,115
68,445,187,66,97
68,315,163,35,84
69,595,208,27,116
69,467,186,38,56
69,447,186,54,98
69,304,160,29,87
70,452,226,31,60
70,592,205,29,116
70,467,198,7,47
70,483,186,11,78
70,447,185,17,44
70,296,161,34,86
71,448,224,19,39
71,588,202,29,111
71,480,186,18,71
71,446,185,27,76
71,297,162,33,85
72,486,216,12,55
72,585,200,30,109
72,478,181,11,65
72,446,181,32,100
72,288,163,36,84
73,582,200,29,102
73,481,186,13,54
73,446,180,24,62
73,282,164,33,88
74,582,197,27,110
74,480,194,14,47
74,446,179,23,62
74,273,163,24,84
75,480,196,10,45
75,581,195,26,109
75,444,178,23,60
75,272,164,23,84
76,578,190,27,111
76,441,175,23,60
76,265,163,32,90
77,577,190,26,111
77,479,176,15,51
77,441,174,24,62
77,263,164,22,84
78,576,189,26,111
78,446,187,19,48
78,261,166,32,86
79,572,185,28,106
79,478,175,12,49
79,446,170,24,68
79,260,165,32,85
80,570,183,29,108
80,477,171,14,55
80,448,168,24,59
80,260,166,29,88
81,569,182,28,108
81,476,168,17,53
81,260,167,23,69
81,450,166,23,48
81,273,46,11,45
82,568,182,27,107
82,258,168,32,92
82,447,166,46,56
82,273,47,8,44
83,279,208,4,48
83,284,205,4,51
83,565,178,27,109
83,264,170,19,81
83,445,165,29,66
83,270,46,9,43
84,565,176,27,106
84,266,171,27,88
84,450,162,24,55
85,564,173,28,107
85,268,171,18,84
85,451,162,24,82
86,273,174,30,91
86,566,172,26,107
86,455,162,21,82
86,259,46,10,43
87,276,175,32,90
87,566,171,25,107
87,456,158,21,84
87,257,48,12,46
88,294,184,8,54
88,278,176,14,78
88,567,168,24,107
88,457,157,22,86
88,256,48,13,46
89,286,177,30,92
89,569,166,23,104
89,455,153,30,87
89,252,48,11,46
90,290,178,28,93
90,569,168,24,101
90,456,152,30,89
90,252,49,9,45
91,292,181,31,91
91,569,165,25,103
91,458,153,28,88
91,250,49,11,45
92,296,181,28,90
92,569,164,27,103
92,460,152,28,86
92,248,50,11,46
93,302,181,32,94
93,574,160,26,97
93,467,148,24,80
94,306,181,33,95
94,575,159,28,98
94,471,147,22,76
94,241,50,10,48
95,307,183,34,94
95,578,159,26,98
95,475,146,20,55
95,237,51,13,47
96,314,186,28,91
96,579,159,26,95
96,479,147,19,49
96,236,52,11,46
97,324,189,28,92
97,584,152,21,100
97,485,144,18,48
97,233,52,12,46
98,326,190,29,92
98,518,184,11,47
98,511,168,16,46
98,586,153,20,96
98,484,143,22,57
98,231,54,12,45
99,332,191,27,91
99,588,152,21,96
99,516,147,16,75
99,484,141,30,60
99,229,53,12,45
100,345,190,23,93
100,590,151,22,91
100,519,146,23,80
100,489,142,23,60
100,226,54,8,47
101,347,191,29,92
101,595,163,14,54
101,607,151,8,65
101,521,148,23,78
101,593,147,15,78
101,496,141,17,41
102,350,194,30,90
102,593,145,24,94
102,521,141,29,83
102,497,139,20,59
102,221,57,12,43
103,359,197,21,87
103,355,192,17,86
103,594,145,26,94
103,520,145,34,80
103,500,138,19,58
103,219,53,9,49
104,373,226,11,58
104,600,144,22,95
104,531,143,25,80
104,504,137,17,46
104,215,56,10,45
105,393,234,16,53
105,373,232,10,48
105,603,143,20,93
105,523,141,35,82
105,507,137,17,42
105,213,58,12,46
106,400,236,12,51
106,389,228,13,55
106,609,138,19,93
106,513,135,52,87
106,208,55,7,49
107,610,143,23,88
107,515,133,55,88
107,203,60,11,45
108,404,252,22,36
108,608,140,26,91
108,518,132,52,86
108,202,63,11,42
109,434,239,10,50
109,613,136,24,91
109,522,131,52,87
109,196,63,11,42
110,434,240,11,49
110,617,138,23,87
110,525,132,50,87
111,434,239,17,54
111,619,136,25,88
111,525,131,52,81
111,194,59,12,48
112,434,239,33,52
112,548,183,32,33
112,621,135,24,89
112,531,129,41,82
112,193,64,12,44
113,437,236,36,58
113,625,135,22,89
113,534,129,50,85
113,191,62,12,44
114,755,243,13,79
114,458,201,17,93
114,631,133,18,86
114,539,129,48,84
114,187,60,9,47
115,738,218,30,101
115,464,201,22,93
115,634,133,19,84
115,541,129,44,85
115,184,61,10,49
116,736,217,32,102
116,465,203,34,94
116,635,128,22,89
116,543,128,43,78
116,181,63,12,47
117,466,218,41,80
117,736,216,32,103
117,634,130,25,87
117,545,126,51,85
117,179,61,9,49
118,486,232,16,68
118,715,212,37,106
118,638,125,24,89
118,551,123,48,85
118,176,65,12,44
119,493,213,23,89
119,703,212,44,106
119,644,126,21,86
119,550,123,54,85
119,173,63,14,49
120,700,211,41,106
120,495,206,36,97
120,560,147,40,60
120,645,129,23,82
120,551,124,52,80
120,171,63,11,49
121,690,210,34,101
121,510,208,28,96
121,652,124,21,87
121,560,120,47,85
121,167,63,10,50
122,676,209,41,101
122,522,207,19,97
122,654,128,20,82
122,566,120,44,85
122,164,64,12,50
123,527,209,39,97
123,666,207,36,101
123,660,120,17,86
123,571,120,44,84
123,160,64,9,50
124,530,210,38,97
124,662,206,30,99
124,660,124,22,81
124,574,120,35,79
124,157,65,9,50
125,539,209,29,99
125,648,119,37,186
125,576,118,46,85
125,156,67,12,49
126,553,209,21,100
126,638,204,40,101
126,664,119,21,86
126,580,116,41,83
126,153,67,13,49
127,559,211,25,101
127,632,203,38,101
127,584,151,17,44
127,667,122,20,81
127,601,119,22,76
127,150,67,13,47
128,563,231,36,82
128,628,199,30,101
128,671,116,22,84
128,583,115,46,81
128,145,68,9,49
129,582,198,68,116
129,674,115,23,84
129,588,115,42,81
129,142,68,9,47
130,588,198,55,116
130,677,117,20,82
130,590,114,42,80
130,140,71,9,45
131,592,196,41,119
131,685,112,15,84
131,594,112,42,81
131,136,70,9,49
132,753,252,15,105
132,589,194,41,120
132,596,112,44,81
132,688,111,14,83
132,133,71,10,50
133,750,247,18,111
133,578,194,60,121
133,620,122,22,49
133,690,113,15,81
133,598,112,20,77
133,131,72,12,48
134,746,324,22,31
134,741,246,26,105
134,625,217,19,100
134,571,193,36,100
134,621,121,19,69
134,690,112,21,82
134,600,112,18,77
134,129,72,11,47
135,720,245,43,111
135,627,218,23,97
135,567,191,35,100
135,624,122,16,52
135,692,111,19,83
135,602,111,18,77
135,125,72,10,50
136,719,245,43,108
136,638,220,18,72
136,565,189,26,99
136,692,110,20,82
136,604,110,39,58
136,122,73,10,51
137,719,243,29,107
137,648,220,17,67
137,559,188,28,98
137,614,122,30,66
137,697,110,18,80
137,604,109,32,71
137,120,74,12,49
138,701,240,28,110
138,665,219,16,100
138,540,188,41,97
138,608,111,39,75
138,700,108,20,82
138,116,75,9,46
139,672,220,55,129
139,540,186,35,96
139,702,109,19,81
139,612,109,39,78
139,113,75,10,50
140,673,221,50,125
140,536,184,28,96
140,633,117,19,69
140,704,113,18,76
140,614,107,18,74
140,112,76,11,49
141,676,219,33,124
141,516,183,35,96
141,707,106,15,81
141,616,105,42,78
141,107,76,11,50
142,668,219,48,122
142,513,182,36,96
142,619,106,37,78
142,708,105,16,80
142,104,77,9,48
143,659,222,74,117
143,511,181,29,94
143,708,106,17,79
143,621,105,37,78
143,102,77,10,52
144,656,230,20,105
144,699,223,44,98
144,496,195,20,78
144,512,184,16,65
144,710,108,18,77
144,624,105,36,75
144,96,78,9,51
145,645,229,24,105
145,712,223,32,98
145,486,178,37,95
145,710,105,18,80
145,624,103,38,76
145,95,78,8,50
146,634,228,28,105
146,726,223,25,97
146,490,177,30,94
146,711,103,17,82
146,626,103,39,77
146,92,78,9,53
147,398,228,6,48
147,621,226,30,100
147,732,225,36,97
147,474,175,22,92
147,713,104,14,79
147,630,102,36,76
147,87,80,13,51
148,400,228,5,53
148,734,225,34,96
148,618,224,24,103
148,464,175,31,93
148,714,102,11,80
148,632,102,36,76
148,85,80,8,50
149,443,236,12,44
149,742,231,26,92
149,612,223,24,104
149,401,221,5,55
149,456,177,38,90
149,662,123,9,55
149,634,105,16,72
149,715,102,10,80
149,81,81,9,52
150,448,231,9,51
150,402,227,8,57
150,597,222,34,100
150,451,173,27,58
150,714,104,10,78
150,637,104,39,71
150,74,83,15,52
151,447,237,10,45
151,396,226,16,60
151,592,221,28,102
151,445,171,21,56
151,658,110,19,65
151,713,104,11,78
151,638,104,19,68
151,71,83,14,50
152,404,228,9,49
152,448,226,16,54
152,588,221,20,102
152,440,171,16,43
152,659,110,18,66
152,711,104,12,78
152,640,100,16,73
152,70,83,10,48
153,442,236,18,50
153,404,225,20,69
153,573,218,28,102
153,701,109,22,74
153,643,99,35,76
153,66,84,12,49
154,444,237,22,54
154,406,233,20,59
154,569,217,26,100
154,698,109,25,75
154,650,102,25,62
154,643,99,11,70
154,64,85,13,51
155,445,235,26,57
155,407,232,19,62
155,563,216,22,102
155,699,108,23,77
155,646,102,37,72
155,645,99,10,45
155,60,85,10,52
156,413,238,13,59
156,549,215,26,102
156,457,196,18,96
156,397,169,18,85
156,699,116,14,69
156,662,108,28,65
156,696,107,8,52
156,664,106,18,40
156,646,98,16,72
156,56,86,10,53
157,415,238,6,53
157,537,215,37,101
157,458,198,22,95
157,394,167,18,88
157,692,107,16,79
157,666,105,23,67
157,649,102,15,67
157,53,88,13,50
158,434,241,14,58
158,533,215,26,101
158,460,195,39,100
158,382,167,15,60
158,681,116,23,72
158,669,104,20,56
158,653,100,14,70
158,49,87,9,53
159,434,239,19,61
159,528,214,20,102
159,459,195,41,99
159,372,168,19,85
159,655,100,46,88
159,47,87,11,53
160,435,239,8,61
160,523,214,20,101
160,459,198,43,100
160,367,166,18,87
160,673,106,27,82
160,656,97,14,71
160,45,88,12,49
161,436,240,22,64
161,506,215,33,99
161,465,200,46,105
161,351,165,25,88
161,658,99,41,90
161,41,88,11,54
162,484,222,44,92
162,436,199,66,107
162,343,166,33,87
162,659,95,40,95
162,39,88,9,55
163,437,238,9,63
163,447,200,72,92
163,340,164,28,87
163,665,101,35,90
163,662,96,9,89
163,36,90,10,45
164,438,200,78,116
164,338,162,25,89
164,663,95,38,96
164,31,91,10,54
165,480,232,17,36
165,442,223,77,93
165,329,163,29,89
165,685,100,17,67
165,662,95,21,96
165,28,91,9,50
166,471,280,40,37
166,448,213,39,101
166,489,202,33,100
166,315,164,36,86
166,654,95,50,99
166,25,92,10,55
167,450,207,49,108
167,501,200,24,101
167,312,163,30,86
167,651,95,54,101
167,22,93,11,56
168,465,234,34,81
168,457,219,11,90
168,449,214,19,97
168,508,201,27,100
168,306,162,29,86
168,650,120,18,76
168,669,96,40,69
168,19,93,15,56
169,526,222,25,83
169,442,213,56,102
169,512,208,14,76
169,509,202,16,90
169,292,162,37,88
169,645,113,14,83
169,695,101,16,63
169,671,93,22,73
170,441,205,55,109
170,510,204,40,101
170,289,161,35,89
170,641,113,16,84
170,672,94,39,71
171,513,203,40,101
171,437,203,44,111
171,283,160,26,88
171,637,116,18,82
171,693,102,18,63
171,672,97,18,66
172,434,203,49,110
172,532,202,27,105
172,263,161,41,85
172,631,126,23,74
172,695,102,17,63
172,673,93,17,71
173,435,203,51,110
173,539,202,26,106
173,263,161,36,88
173,628,117,24,83
173,695,101,18,63
173,674,93,18,71
174,417,256,9,53
174,435,225,53,84
174,539,204,33,106
174,259,159,31,85
174,624,122,22,79
174,674,95,41,70
175,413,254,13,55
175,469,218,27,94
175,543,206,32,104
175,248,159,35,90
175,617,118,20,86
175,676,94,39,70
176,411,256,15,52
176,475,230,24,84
176,551,205,29,105
176,237,159,33,87
176,610,121,24,84
176,688,98,26,64
177,399,256,27,53
177,478,221,28,92
177,559,206,25,104
177,234,157,28,91
177,612,120,21,85
177,678,97,36,67
178,485,250,16,61
178,497,224,22,70
178,392,219,20,88
178,565,208,41,104
178,221,156,34,90
178,604,119,15,86
178,679,95,38,69
179,594,247,17,66
179,394,227,15,77
179,489,224,30,89
179,384,220,20,82
179,565,210,28,101
179,212,157,42,88
179,601,119,17,86
179,680,95,36,69
180,502,234,15,47
180,384,234,13,53
180,377,232,29,71
180,494,214,31,104
180,567,210,44,104
180,211,157,41,89
180,604,143,13,63
180,594,127,15,80
180,680,94,34,69
181,497,220,32,98
181,585,210,35,103
181,363,204,38,96
181,203,155,36,90
181,592,132,24,77
181,707,100,10,63
181,681,93,17,70
182,507,216,32,103
182,594,210,34,107
182,357,203,27,97
182,193,155,44,91
182,587,123,24,87
182,707,101,11,60
182,682,95,20,67
183,506,216,39,108
183,597,212,37,108
183,350,203,23,96
183,194,156,41,88
183,583,123,21,86
183,710,101,9,59
183,682,95,12,64
184,513,220,41,106
184,603,216,40,105
184,335,204,35,95
184,185,153,37,91
184,576,124,21,89
184,710,100,11,59
184,681,96,15,66
185,521,222,37,105
185,618,217,33,98
185,333,203,31,92
185,573,167,22,45
185,173,154,45,84
185,705,100,14,60
185,681,96,15,64
186,528,221,30,108
186,626,217,28,104
186,324,204,27,93
186,168,154,50,88
186,571,126,21,87
186,710,100,10,59
186,681,96,14,65
187,537,225,32,100
187,634,218,28,103
187,309,205,36,92
187,163,152,38,89
187,563,126,19,88
187,705,100,15,60
187,684,95,12,66
188,541,227,26,109
188,633,219,39,102
188,300,201,38,95
188,158,152,40,87
188,555,136,25,79
188,706,100,14,60
188,685,95,9,66
189,546,229,42,110
189,646,219,36,105
189,293,200,30,95
189,151,152,40,86
189,549,129,30,88
189,705,100,14,62
189,686,96,9,64
190,546,231,44,116
190,658,221,28,69
190,281,198,41,96
190,145,151,41,87
190,546,129,29,89
190,706,100,13,62
190,686,96,13,64
191,549,234,38,116
191,660,222,29,71
191,275,202,40,92
191,142,150,32,87
191,543,129,25,89
191,712,99,7,61
191,686,96,13,60
192,555,238,32,103
192,664,225,27,62
192,274,197,35,96
192,136,150,36,87
192,538,137,21,82
192,712,100,7,61
192,685,95,15,60
193,570,239,23,112
193,663,228,37,110
193,269,198,29,84
193,128,150,37,85
193,528,138,28,84
193,705,99,14,62
193,684,97,16,64
194,677,281,26,57
194,678,243,26,49
194,572,241,30,117
194,671,228,20,70
194,258,200,42,89
194,125,149,35,83
194,528,132,26,90
194,704,98,14,62
194,683,97,18,62
195,572,243,31,112
195,677,231,31,111
195,257,193,38,95
195,117,148,22,81
195,527,134,21,88
195,703,99,16,61
195,683,97,18,57
196,583,246,40,115
196,678,235,39,112
196,240,189,37,98
196,109,149,35,81
196,516,135,18,87
196,714,106,5,53
196,683,97,17,53
197,590,247,41,117
197,681,237,40,110
197,237,189,40,94
197,104,148,36,82
197,516,135,18,87
197,706,99,12,62
197,682,96,17,56
198,592,251,34,121
198,689,246,38,102
198,233,188,43,96
198,101,147,32,83
198,511,137,5,52
198,709,97,10,47
198,681,96,18,54
199,603,255,37,119
199,696,242,37,116
199,226,185,35,97
199,502,176,12,50
199,89,147,40,81
199,679,97,18,50
199,707,95,12,62
200,705,306,24,55
200,731,260,5,49
200,612,255,26,120
200,700,243,27,72
200,223,184,28,93
200,501,176,10,51
200,83,148,43,80
200,706,99,13,60
200,678,97,15,48
201,616,257,29,121
201,706,248,33,113
201,214,184,47,95
201,84,146,35,82
201,490,139,19,91
201,704,100,15,60
201,686,99,9,47
201,678,98,7,45
202,620,263,42,124
202,714,248,30,114
202,211,182,37,97
202,77,145,34,83
202,479,142,20,90
202,702,100,13,62
202,677,98,17,52
203,653,318,14,69
203,649,276,11,109
203,625,267,30,120
203,716,250,34,118
203,78,186,31,42
203,204,182,38,96
203,72,146,8,73
203,479,144,14,89
203,702,101,11,52
203,676,91,17,58
204,633,269,39,122
204,715,255,40,117
204,73,199,32,28
204,197,181,42,95
204,67,145,20,61
204,476,144,17,89
204,698,101,14,52
204,676,100,14,51
205,646,325,10,64
205,642,317,8,74
205,647,280,30,125
205,723,270,41,103
205,192,180,39,96
205,465,144,21,89
205,61,143,39,83
205,697,101,13,60
205,676,98,16,60
206,642,282,37,122
206,730,271,38,102
206,186,180,38,92
206,457,145,28,90
206,52,144,42,82
206,697,102,13,58
206,674,98,18,66
207,641,283,50,121
207,737,274,31,103
207,187,178,33,93
207,455,149,30,85
207,51,144,41,80
207,697,103,12,57
207,672,99,17,60
208,646,283,43,130
208,742,264,26,122
208,178,179,36,90
208,455,159,8,73
208,444,149,14,85
208,42,142,35,79
208,697,103,12,51
208,669,94,9,57
209,640,290,54,126
209,745,268,23,111
209,172,179,41,80
209,59,168,19,54
209,441,146,23,91
209,37,143,22,79
209,697,103,12,50
209,667,96,18,67
210,641,296,59,122
210,753,282,14,57
210,439,186,13,51
210,166,178,29,87
210,445,149,14,86
210,35,144,40,79
210,697,104,12,54
210,666,99,18,65
211,641,296,60,124
211,762,291,6,96
211,154,178,42,86
211,432,149,12,59
211,30,141,34,81
211,668,105,15,61
211,697,102,12,48
212,633,294,59,128
212,150,178,39,88
212,28,141,25,81
212,697,103,11,48
212,664,100,18,67
213,627,293,63,135
213,146,177,39,88
213,35,164,23,56
213,23,142,17,79
213,696,103,12,47
213,664,100,17,65
214,623,294,62,135
214,137,178,44,87
214,410,151,13,55
214,17,141,28,78
214,693,105,11,47
214,664,100,16,68
215,617,290,65,138
215,128,177,43,88
215,402,153,18,88
215,13,139,30,74
215,691,108,12,46
215,664,96,18,70
216,611,307,64,123
216,128,178,35,87
216,400,165,15,77
216,10,140,28,80
216,694,107,8,50
216,664,102,17,66
217,596,290,70,142
217,123,177,40,86
217,395,151,15,80
217,7,140,35,74
217,664,101,18,66
218,594,291,71,139
218,391,191,19,53
218,118,177,42,85
218,664,102,17,67
219,576,291,79,136
219,743,236,25,99
219,104,177,43,86
219,660,103,24,70
220,563,289,82,141
220,742,233,26,108
220,371,194,11,52
220,103,177,37,86
220,658,99,36,75
221,553,288,82,134
221,738,230,30,109
221,99,176,36,84
221,369,154,13,50
221,657,100,22,71
222,592,383,33,36
222,556,287,73,134
222,730,227,34,107
222,94,175,35,86
222,363,153,14,93
222,658,105,20,65
223,546,283,68,140
223,714,226,39,105
223,85,176,39,85
223,347,153,29,93
223,656,98,43,78
224,556,280,51,140
224,714,224,37,106
224,84,177,37,83
224,337,155,39,94
224,654,106,43,72
225,533,278,56,137
225,707,221,36,104
225,77,176,40,84
225,335,155,39,95
225,653,107,44,70
226,520,278,66,135
226,697,218,32,103
226,70,175,30,84
226,329,153,25,97
226,654,107,26,61
227,760,318,8,51
227,514,274,66,134
227,693,218,33,102
227,68,175,35,83
227,322,152,28,98
227,650,107,37,71
228,756,289,12,126
228,512,271,59,136
228,689,215,31,103
228,64,174,36,83
228,308,153,40,97
228,652,108,41,71
229,740,285,28,128
229,511,269,47,133
229,687,212,27,102
229,54,173,39,84
229,306,162,42,87
229,650,109,41,71
230,722,284,46,127
230,503,267,52,131
230,667,210,38,100
230,52,173,37,83
230,303,153,29,97
230,649,107,34,75
231,722,282,46,128
231,502,264,47,134
231,666,209,39,101
231,49,173,32,82
231,293,152,31,95
231,644,109,34,70
232,721,280,43,127
232,504,261,38,133
232,669,207,29,100
232,47,173,27,81
232,286,152,35,97
232,676,142,14,39
232,666,139,13,41
232,645,105,21,74
233,710,276,35,125
233,486,258,45,128
233,657,204,27,98
233,43,171,34,82
233,275,154,40,94
233,644,111,44,70
234,704,275,36,126
234,478,258,54,127
234,656,203,23,98
234,42,171,34,82
234,278,152,30,96
234,643,106,47,76
235,697,275,38,126
235,475,255,50,127
235,643,203,33,99
235,41,171,32,82
235,274,151,21,98
235,672,119,17,63
235,644,107,32,78
236,694,270,31,128
236,465,251,40,113
236,636,198,28,98
236,41,170,32,82
236,255,150,40,98
236,643,114,42,70
237,688,267,29,126
237,458,251,42,123
237,630,197,28,97
237,40,170,34,82
237,250,151,42,96
237,639,114,46,71
238,678,266,34,124
238,450,250,48,125
238,618,197,37,96
238,40,170,38,82
238,251,151,36,95
238,643,115,37,70
239,662,266,44,123
239,448,247,47,127
239,617,196,36,97
239,40,170,35,82
239,247,149,34,97
239,643,115,34,68
240,657,265,50,124
240,447,244,44,124
240,617,194,33,97
240,40,170,33,81
240,243,148,29,97
240,643,115,34,71
241,657,264,47,124
241,443,242,39,123
241,612,192,26,98
241,40,170,36,82
241,237,148,33,95
241,642,109,43,78
242,655,258,32,123
242,436,241,40,122
242,598,191,34,95
242,40,170,34,82
242,231,149,34,96
242,641,115,33,71
243,651,327,20,53
243,673,263,8,100
243,659,261,14,110
243,436,239,38,121
243,595,191,33,96
243,40,170,35,82
243,228,148,31,96
243,671,146,14,43
243,637,117,23,69
244,644,280,31,101
244,434,237,34,122
244,593,189,28,96
244,40,170,37,82
244,225,146,30,99
244,634,116,25,71
245,639,260,32,120
245,434,237,25,115
245,587,187,24,95
245,40,170,37,82
245,660,147,23,44
245,221,145,30,100
245,633,115,25,73
246,435,304,14,48
246,404,253,23,93
246,635,252,26,124
246,435,251,11,49
246,568,186,38,94
246,40,170,36,82
246,211,145,39,96
246,632,117,51,74
247,436,305,11,44
247,400,252,27,95
247,627,250,29,122
247,566,185,37,94
247,40,170,37,82
247,209,146,35,94
247,665,143,19,49
247,632,112,30,79
248,618,249,33,121
248,401,240,25,106
248,564,183,36,95
248,40,170,38,81
248,210,146,33,95
248,635,112,50,80
249,603,250,47,117
249,411,232,15,108
249,392,225,30,118
249,562,182,27,95
249,40,170,36,82
249,205,145,32,94
249,635,118,47,76
250,599,249,51,118
250,389,226,38,116
250,210,195,11,40
250,558,181,26,95
250,40,170,37,82
250,200,143,36,94
250,633,117,49,77
251,403,259,21,82
251,596,247,44,117
251,374,246,27,94
251,543,181,36,95
251,40,170,37,82
251,195,145,39,91
251,635,119,41,73
252,592,245,34,119
252,371,236,46,102
252,542,180,31,93
252,39,170,37,82
252,194,145,36,90
252,635,117,44,79
253,588,244,29,119
253,362,235,49,94
253,539,178,24,93
253,39,170,35,82
253,193,143,33,92
253,665,124,13,71
253,635,120,15,67
254,387,244,13,60
254,574,243,39,118
254,352,228,32,92
254,519,177,37,93
254,40,170,37,82
254,185,141,28,94
254,632,115,45,84
255,572,241,40,121
255,355,218,47,113
255,517,177,36,93
255,40,170,35,82
255,182,141,35,92
255,633,116,44,81
256,570,240,35,118
256,355,214,38,111
256,517,176,31,93
256,40,170,35,82
256,179,142,38,90
256,629,123,38,65
257,565,238,30,118
257,531,215,5,54
257,357,211,31,110
257,515,175,14,93
257,40,170,34,82
257,179,142,33,89
257,629,121,44,76
258,541,238,46,116
258,346,211,39,108
258,499,186,31,80
258,40,171,34,81
258,171,139,28,91
258,624,125,48,75
259,538,238,49,115
259,345,209,35,110
259,497,186,31,79
259,40,170,36,82
259,168,138,29,89
259,649,126,21,72
259,624,124,23,41
260,536,237,50,116
260,332,207,40,105
260,495,186,28,77
260,40,170,33,82
260,166,139,30,89
260,623,121,48,81
261,529,235,40,117
261,327,206,35,106
261,485,186,22,73
261,39,170,34,82
261,163,139,24,89
261,620,125,46,76
262,526,235,31,115
262,322,204,37,107
262,491,175,13,84
262,475,170,20,87
262,39,170,32,82
262,162,138,24,89
262,619,127,37,75
263,510,234,42,117
263,321,203,25,102
263,38,170,34,82
263,473,169,16,85
263,156,136,21,89
263,617,122,46,82
264,507,235,44,115
264,319,200,23,102
264,37,170,37,80
264,468,167,19,88
264,152,137,27,87
264,630,126,31,79
264,617,122,11,78
265,506,233,42,117
265,308,200,30,102
265,37,169,36,82
265,464,167,18,86
265,652,157,11,49
265,150,137,28,86
265,616,121,35,77
266,498,231,40,117
266,310,199,28,102
266,36,170,40,82
266,460,167,20,86
266,147,137,26,86
266,622,127,41,82
266,613,123,12,62
267,485,231,38,115
267,292,195,34,102
267,36,170,36,81
267,450,166,22,82
267,647,161,14,46
267,141,136,21,84
267,609,125,41,82
268,473,232,48,115
268,291,194,33,102
268,35,170,35,81
268,446,164,16,69
268,633,158,28,49
268,138,135,22,85
268,607,124,43,78
269,472,232,47,114
269,287,194,38,102
269,35,170,31,82
269,442,163,16,68
269,136,136,23,85
269,604,124,56,83
270,465,230,44,117
270,286,192,30,101
270,34,170,37,81
270,434,164,16,46
270,133,135,24,85
270,602,123,58,83
271,460,228,37,115
271,287,189,24,102
271,34,170,40,82
271,133,136,24,84
271,601,124,53,87
272,457,230,33,113
272,286,188,23,101
272,32,171,38,80
272,129,135,21,86
272,601,126,58,87
273,449,229,42,114
273,276,189,35,99
273,31,172,39,79
273,128,135,17,85
273,595,130,62,82
274,448,238,37,104
274,273,184,33,102
274,26,172,42,79
274,409,169,14,42
274,125,135,20,86
274,617,135,32,61
274,594,128,20,81
275,440,236,41,104
275,272,183,33,102
275,24,172,39,80
275,404,167,13,43
275,601,135,41,78
275,124,135,18,85
275,631,134,26,76
276,436,236,32,102
276,268,181,41,100
276,22,171,33,80
276,641,163,19,53
276,395,159,13,50
276,121,137,19,84
276,600,129,42,65
277,274,248,31,32
277,437,236,28,99
277,269,180,29,93
277,20,171,37,79
277,116,137,23,84
277,595,136,63,81
278,434,235,30,99
278,269,177,30,103
278,17,171,37,79
278,642,157,16,60
278,116,138,26,85
278,596,134,45,78
279,413,239,13,92
279,435,236,22,97
279,269,175,32,101
279,11,170,32,80
279,372,157,15,50
279,116,139,26,88
279,596,134,58,85
280,435,239,16,93
280,405,236,22,97
280,268,175,29,100
280,2,169,39,81
280,367,157,15,83
280,128,149,16,77
280,116,139,11,86
280,597,138,28,78
280,632,136,10,57
281,408,235,19,96
281,267,174,33,100
281,358,158,21,82
281,117,138,28,91
281,595,135,61,84
282,401,234,26,96
282,265,172,32,100
282,356,157,21,83
282,118,139,27,89
282,597,138,60,81
283,393,219,34,112
283,259,171,31,98
283,345,154,24,85
283,121,140,34,87
283,594,137,59,86
284,393,219,34,111
284,255,170,34,99
284,333,155,36,82
284,122,140,33,88
284,597,139,57,82
285,385,219,38,107
285,618,193,35,27
285,257,170,35,96
285,330,155,35,83
285,597,143,25,77
285,125,141,33,87
285,624,139,17,57
286,376,229,41,98
286,257,167,29,100
286,326,153,27,85
286,132,140,32,89
286,596,140,57,86
287,371,239,44,86
287,260,166,26,100
287,323,153,24,84
287,137,153,30,78
287,595,140,58,83
288,369,234,41,92
288,262,165,22,99
288,317,153,30,85
288,137,145,29,88
288,594,141,48,82
289,387,260,13,60
289,363,212,22,103
289,259,165,27,94
289,308,153,27,84
289,142,144,33,87
289,610,143,41,86
289,594,140,14,87
290,357,211,33,108
290,259,164,29,95
290,307,151,25,86
290,145,143,29,93
290,593,140,57,90
291,356,211,33,108
291,259,163,33,96
291,298,151,31,87
291,587,143,64,87
291,146,143,35,94
292,350,210,35,109
292,265,151,58,105
292,151,149,36,87
292,586,142,64,90
293,350,208,32,110
293,265,151,52,98
293,153,148,39,90
293,586,143,62,91
294,348,207,30,107
294,268,150,46,102
294,157,149,38,90
294,585,143,62,92
295,339,205,33,107
295,165,157,36,86
295,267,151,41,102
295,614,149,31,77
295,580,149,44,87
296,333,205,38,106
296,168,153,36,90
296,264,152,52,101
296,590,149,57,86
296,585,147,26,59
297,329,205,39,104
297,170,152,37,91
297,613,150,20,58
297,258,150,45,96
297,579,147,31,86
298,330,205,37,105
298,625,179,21,58
298,176,150,36,93
298,579,149,54,88
298,262,150,55,96
299,326,204,37,104
299,629,180,16,60
299,180,159,34,87
299,579,151,54,88
299,254,151,70,95
300,218,208,20,36
300,184,160,32,86
300,291,152,54,154
300,242,152,43,86
300,583,152,63,91
301,582,153,65,89
301,295,151,50,153
301,183,152,80,94
302,640,180,9,60
302,188,163,28,83
302,579,152,59,91
302,300,150,39,152
302,204,151,63,87
303,610,159,39,84
303,578,152,29,90
303,195,152,64,95
303,306,150,34,154
304,637,182,12,62
304,609,159,32,62
304,578,155,29,81
304,205,152,54,98
304,304,149,39,152
305,579,157,70,94
305,207,154,47,97
305,300,147,44,153
306,287,197,40,100
306,584,158,64,93
306,203,154,50,98
306,327,147,31,88
307,285,197,40,100
307,579,158,70,93
307,201,155,53,99
307,330,146,28,89
308,285,196,38,101
308,585,158,53,93
308,195,155,64,97
308,335,145,25,88
309,284,195,35,100
309,585,159,61,91
309,194,156,71,97
309,344,144,22,88
310,272,194,36,100
310,586,162,53,96
310,188,155,75,98
310,355,144,24,86
311,287,207,22,82
311,272,194,13,56
311,243,165,27,89
311,585,163,64,96
311,186,161,53,85
311,355,144,27,86
312,266,193,42,100
312,583,163,63,98
312,187,160,41,86
312,253,155,23,97
312,373,144,16,84
313,615,175,31,85
313,581,165,54,93
313,183,160,42,86
313,262,158,39,134
313,383,141,10,86
314,638,177,7,83
314,263,174,35,117
314,614,170,22,68
314,584,165,30,92
314,183,161,38,85
314,268,159,11,49
314,385,142,19,85
315,591,168,54,99
315,184,162,37,89
315,260,160,38,131
315,387,143,20,81
316,598,179,48,88
316,583,169,35,85
316,185,163,36,88
316,259,157,49,133
316,402,142,12,50
317,608,175,40,92
317,589,170,45,76
317,186,163,35,84
317,257,158,59,130
317,407,156,14,47
318,256,190,54,99
318,254,188,18,56
318,642,186,10,70
318,304,179,14,80
318,623,176,18,66
318,584,170,37,98
318,187,165,33,90
318,274,160,28,71
319,585,171,73,102
319,193,166,34,86
319,253,161,65,129
320,257,205,18,83
320,588,174,72,101
320,195,168,32,86
320,298,158,27,104
320,431,142,12,65
321,274,257,21,32
321,257,205,16,84
321,588,176,72,102
321,303,167,30,94
321,202,166,33,87
321,433,142,16,69
322,618,258,34,19
322,257,206,31,83
322,585,176,70,87
322,205,166,33,97
322,306,160,32,103
322,437,142,17,81
323,261,193,9,78
323,258,189,32,101
323,589,177,67,101
323,210,166,31,94
323,308,163,35,100
323,441,143,23,80
324,265,196,31,88
324,594,179,69,102
324,214,167,35,97
324,320,162,28,99
324,446,143,22,80
325,266,204,19,64
325,619,185,44,98
325,337,184,8,75
325,596,180,29,99
325,218,166,32,95
325,329,164,18,97
325,453,140,17,84
326,272,211,28,78
326,269,192,12,75
326,598,182,68,102
326,226,166,27,97
326,330,162,28,100
326,457,139,19,80
327,281,212,26,79
327,273,194,14,68
327,645,193,26,91
327,601,183,36,101
327,331,170,37,92
327,236,168,28,91
327,463,140,24,83
328,602,183,59,100
328,337,172,30,90
328,236,168,73,123
328,465,142,23,82
329,270,192,42,100
329,602,184,66,104
329,344,171,28,90
329,241,168,25,92
329,471,140,20,84
330,285,192,34,100
330,608,186,66,106
330,257,168,22,87
330,359,163,18,100
330,476,142,20,81
331,610,188,60,105
331,364,173,15,88
331,261,169,63,125
331,479,142,23,84
332,290,246,32,50
332,306,207,17,81
332,307,199,13,50
332,610,190,64,104
332,363,175,19,86
332,263,170,42,85
332,481,143,23,82
333,307,212,14,50
333,610,191,68,103
333,272,168,60,128
333,485,143,20,85
334,616,192,69,105
334,278,168,54,128
334,486,144,20,84
335,403,211,5,53
335,612,193,74,105
335,491,182,14,46
335,297,178,43,119
335,283,168,10,92
336,410,215,6,43
336,619,197,68,106
336,289,170,61,130
336,487,148,18,85
337,625,197,68,104
337,292,170,61,130
337,485,148,21,84
338,298,234,22,62
338,308,209,30,47
338,323,205,32,96
338,625,199,68,102
338,662,198,26,72
338,301,169,37,64
338,406,168,17,42
338,483,149,19,81
339,627,199,68,106
339,307,171,51,134
339,479,151,21,92
340,627,201,70,107
340,309,171,56,138
340,491,165,7,65
340,478,154,15,88
341,631,202,68,106
341,310,172,59,137
341,477,154,19,89
342,434,209,14,50
342,633,205,73,106
342,327,170,53,140
342,472,155,16,82
343,678,209,23,66
343,636,207,39,96
343,438,171,18,104
343,332,171,54,141
343,467,155,20,92
344,642,208,68,106
344,335,171,53,145
344,441,157,46,118
345,651,209,61,108
345,345,171,49,147
345,442,160,38,119
346,680,215,31,105
346,653,211,25,101
346,356,171,40,145
346,446,158,33,121
347,656,212,58,108
347,361,171,35,148
347,444,159,39,120
348,659,212,57,105
348,362,172,38,150
348,443,160,48,124
349,468,219,26,65
349,665,212,53,99
349,467,176,16,70
349,363,171,42,154
349,439,160,25,92
350,675,285,47,36
350,372,225,39,104
350,669,213,48,78
350,469,179,34,106
350,435,160,12,52
351,381,223,38,104
351,667,214,60,112
351,471,193,37,93
352,391,218,25,93
352,670,216,60,114
352,478,186,33,99
353,391,237,36,97
353,677,221,61,101
353,496,182,25,105
353,401,171,22,40
354,391,229,36,106
354,674,219,64,112
354,496,184,39,104
355,395,239,32,99
355,685,221,56,112
355,496,185,43,104
356,400,236,28,101
356,685,222,56,114
356,499,183,39,107
356,403,165,20,45
357,419,253,7,46
357,435,239,15,103
357,700,231,19,45
357,688,226,30,108
357,722,225,23,115
357,519,183,30,108
358,434,240,21,106
358,711,229,12,55
358,688,229,18,104
358,699,227,48,117
358,523,183,32,109
359,434,242,25,104
359,690,228,64,116
359,523,185,37,109
360,699,249,58,93
360,696,232,17,104
360,712,228,42,78
360,527,187,39,108
360,434,173,30,174
361,699,241,46,104
361,436,236,31,113
361,720,229,38,87
361,528,188,39,106
361,443,173,18,69
362,696,232,72,116
362,545,189,25,105
362,438,173,48,180
362,365,167,19,49
363,724,336,41,18
363,696,235,71,115
363,550,187,27,109
363,438,171,50,185
363,362,167,20,75
364,468,316,22,41
364,699,236,68,105
364,552,188,40,109
364,441,171,46,182
364,360,168,22,80
365,704,250,62,108
365,740,247,28,69
365,554,191,42,108
365,456,170,37,186
365,350,167,27,86
366,764,255,4,43
366,708,241,59,117
366,560,191,37,108
366,363,173,10,72
366,461,169,43,188
366,344,167,17,69
367,738,259,30,59
367,711,252,25,98
367,737,242,31,47
367,567,191,39,109
367,341,171,29,83
367,466,168,39,192
368,715,242,53,115
368,579,191,36,110
368,338,169,28,85
368,467,167,45,191
369,720,340,47,25
369,509,258,7,62
369,718,247,46,97
369,585,194,38,110
369,330,172,31,82
369,477,168,41,191
370,722,259,32,90
370,484,247,41,114
370,487,218,18,35
370,586,196,41,108
370,505,188,8,69
370,486,174,12,44
370,323,171,32,84
371,724,260,35,92
371,489,205,48,161
371,590,196,37,108
371,492,183,14,62
371,320,173,31,83
372,742,262,26,80
372,740,253,28,89
372,498,248,53,117
372,599,196,28,108
372,496,183,24,68
372,318,168,32,90
373,747,260,21,67
373,507,250,46,116
373,611,196,22,108
373,498,183,26,68
373,326,175,22,82
374,746,319,22,53
374,749,276,16,40
374,513,249,40,117
374,617,197,38,111
374,505,181,22,69
374,315,168,26,89
375,744,322,24,51
375,518,249,42,120
375,617,200,36,110
375,510,179,19,69
375,311,168,27,89
376,521,250,45,121
376,620,201,36,110
376,309,167,24,92
376,514,161,18,85
377,533,255,43,123
377,637,200,35,112
377,299,167,30,93
377,519,160,28,85
378,533,257,47,119
378,647,201,33,105
378,297,167,31,93
378,521,159,27,85
379,541,257,42,120
379,649,202,34,109
379,291,167,29,93
379,527,158,21,86
380,542,257,46,123
380,293,218,4,42
380,648,204,40,113
380,298,178,12,42
380,290,168,6,50
380,530,157,25,83
381,555,261,57,127
381,656,205,33,112
381,279,169,32,95
381,543,158,20,83
381,538,156,13,83
382,557,262,56,126
382,667,205,28,111
382,280,169,27,95
382,541,156,23,84
383,559,264,54,122
383,673,204,26,113
383,277,170,26,95
383,544,152,26,86
384,577,263,43,126
384,677,218,45,104
384,265,172,26,95
384,549,152,27,83
385,584,265,44,125
385,678,208,44,115
385,270,184,20,85
385,263,173,11,94
385,553,152,27,83
386,588,267,45,130
386,682,210,39,113
386,266,175,24,93
386,553,150,27,84
387,602,271,38,125
387,697,209,39,115
387,259,177,29,94
387,562,148,23,79
388,610,272,34,125
388,707,210,35,116
388,252,180,36,95
388,563,148,25,81
389,614,318,36,81
389,612,272,27,114
389,709,212,35,119
389,251,180,32,96
389,565,149,28,80
390,618,276,55,129
390,712,216,39,117
390,254,180,32,97
390,571,145,27,81
391,663,310,12,97
391,619,278,40,120
391,718,216,34,117
391,258,215,28,62
391,256,183,11,49
391,572,144,28,80
392,654,321,21,86
392,622,283,47,106
392,730,216,26,116
392,258,184,27,100
392,574,144,27,79
393,645,289,38,118
393,639,285,35,115
393,736,217,32,109
393,263,197,26,87
393,259,191,10,51
393,579,141,23,81
394,666,302,22,110
394,669,299,15,88
394,644,282,33,128
394,738,219,30,118
394,260,188,29,97
394,578,140,26,79
395,654,283,45,133
395,739,224,29,114
395,272,196,19,81
395,261,189,9,56
395,583,139,24,77
396,749,295,19,44
396,654,286,50,129
396,761,240,7,54
396,263,199,34,89
396,586,139,26,79
397,660,287,49,129
397,267,201,30,88
397,588,137,25,79
398,666,288,47,131
398,268,201,32,88
398,589,134,23,80
399,673,289,51,131
399,271,202,27,88
399,590,134,21,78
400,677,291,60,129
400,272,204,25,86
400,590,134,24,78
401,680,293,61,128
401,274,195,28,99
401,590,133,24,78
402,682,293,59,130
402,276,195,29,100
402,591,132,24,79
403,691,293,52,131
403,278,199,31,96
403,590,131,25,79
404,703,294,47,133
404,281,202,28,93
404,591,130,22,79
405,296,200,23,99
405,575,136,24,54
406,298,200,22,99
406,575,137,24,71
407,299,199,18,99
407,574,138,25,71
408,299,199,18,99
408,574,138,25,71
409,308,214,14,84
409,299,199,10,98
409,577,138,22,70
410,299,199,23,100
410,577,139,21,70
411,299,198,22,100
411,573,139,25,70
412,299,198,16,100
412,572,140,26,70
413,299,199,22,99
413,570,140,27,71
414,299,198,20,101
414,568,141,29,71
415,298,198,21,100
415,564,141,30,71
416,296,199,23,99
416,564,141,25,71
417,294,199,26,100
417,564,140,24,73
418,293,199,27,100
418,557,135,29,80
419,291,199,29,100
419,557,137,27,79
420,756,308,12,47
420,290,198,30,100
420,554,137,27,79
421,753,281,15,116
421,295,198,26,100
421,551,138,25,79
422,744,279,24,119
422,297,198,26,100
422,548,138,26,80
423,744,276,24,121
423,297,198,25,100
423,543,140,28,81
424,734,271,28,118
424,299,198,22,100
424,541,141,25,81
425,717,271,40,117
425,300,198,20,100
425,537,142,29,80
426,709,271,45,117
426,300,197,22,102
426,533,142,30,82
427,709,269,42,118
427,300,199,21,99
427,531,144,29,82
428,708,268,35,116
428,299,198,22,100
428,530,146,28,81
429,693,266,39,117
429,299,199,22,100
429,532,146,27,81
430,688,265,34,118
430,298,201,23,97
430,527,147,24,81
431,686,264,33,118
431,296,200,25,98
431,526,149,22,82
432,686,262,26,119
432,297,199,23,100
432,523,150,23,83
433,670,259,31,115
433,297,199,24,99
433,521,159,19,75
434,655,259,41,115
434,299,198,22,100
434,520,152,18,83
435,654,259,41,115
435,300,198,21,100
435,523,165,13,73
435,517,154,9,76
436,654,257,36,115
436,299,197,22,101
436,515,156,19,80
437,647,256,25,112
437,300,196,20,102
437,512,167,19,73
438,636,254,31,115
438,301,196,20,102
438,509,168,20,72
439,627,253,36,115
439,301,195,20,103
439,503,172,24,72
440,627,251,31,116
440,300,196,20,102
440,502,180,23,65
441,618,248,26,115
441,301,195,20,102
441,497,178,21,68
442,604,247,35,113
442,302,197,20,101
442,498,185,20,63
443,595,247,43,114
443,301,196,20,101
443,497,186,20,67
444,594,244,35,113
444,301,206,20,92
444,492,174,23,80
445,588,243,29,113
445,304,197,19,100
445,493,186,21,68
446,585,242,29,113
446,303,196,18,101
446,491,179,24,78
447,581,241,29,113
447,311,229,12,68
447,304,198,16,98
447,491,182,23,79
448,578,241,29,113
448,305,199,20,98
448,489,184,24,79
449,574,239,30,112
449,305,199,22,99
449,488,184,24,79
450,567,235,27,112
450,311,199,20,97
450,487,183,26,82
451,558,234,32,111
451,313,205,19,94
451,487,188,27,82
452,553,234,34,110
452,314,205,23,92
452,488,184,33,90
453,553,233,33,111
453,316,201,32,98
453,490,185,29,87
454,545,230,29,109
454,321,203,25,95
454,490,187,27,91
455,542,229,29,108
455,324,203,25,96
455,491,186,29,96
456,539,228,29,108
456,326,203,24,99
456,491,187,29,97
457,530,226,31,108
457,333,204,26,101
457,497,190,29,95
458,337,203,24,101
458,499,190,56,142
459,523,222,27,108
459,340,203,24,102
459,501,193,26,94
460,753,422,15,45
460,344,203,26,103
460,501,194,46,135
461,740,413,28,56
461,754,347,14,54
461,351,205,36,103
461,510,196,36,131
462,724,323,44,138
462,353,206,31,103
462,506,198,41,127
463,719,313,49,154
463,363,210,32,100
463,500,204,54,118
464,713,308,55,152
464,367,212,30,102
464,493,204,59,118
465,707,307,52,148
465,375,226,16,52
465,371,218,32,98
465,492,205,61,117
466,691,304,64,148
466,398,217,5,45
466,385,215,29,100
466,480,212,44,105
466,524,209,34,102
467,688,301,64,151
467,391,216,19,99
467,475,210,85,106
468,681,298,62,150
468,393,212,30,104
468,466,212,96,103
469,680,292,43,145
469,395,229,32,93
469,536,214,28,104
469,452,210,50,104
470,659,291,61,145
470,400,234,27,89
470,537,218,29,104
470,450,208,42,104
471,654,290,62,146
471,408,251,18,73
471,539,219,30,104
471,435,206,52,112
472,650,287,64,148
472,412,252,15,74
472,543,219,28,104
472,435,206,48,118
473,642,281,50,141
473,548,224,32,106
473,434,205,47,124
474,636,280,55,140
474,550,226,32,106
474,434,202,42,126
475,629,279,60,141
475,554,227,30,106
475,434,202,35,127
476,628,277,57,142
476,556,228,32,104
476,435,201,38,129
477,622,275,59,143
477,562,229,30,108
477,434,208,40,127
478,615,268,46,139
478,564,235,33,109
478,434,224,52,112
479,613,269,43,137
479,435,256,9,44
479,444,239,42,100
479,565,236,35,109
479,442,225,30,101
480,611,269,41,137
480,417,240,10,57
480,570,236,33,110
480,451,226,43,114
481,576,241,67,160
481,407,236,19,61
481,462,232,43,115
482,577,243,60,154
482,462,232,46,114
482,402,214,24,83
483,578,244,56,150
483,467,232,44,116
483,396,209,29,84
484,573,246,60,145
484,474,235,49,116
484,384,207,33,82
485,618,327,13,63
485,593,248,36,86
485,476,238,54,119
485,384,206,25,79
486,564,250,68,138
486,481,238,60,118
486,381,206,25,62
487,561,251,72,137
487,484,238,57,119
487,387,235,24,52
488,525,248,113,130
488,491,242,85,118
488,371,203,21,41
489,509,336,32,34
489,504,245,137,134
489,369,201,22,55
490,511,246,134,133
490,363,190,26,93
491,512,244,134,132
491,359,186,25,96
492,515,242,132,132
492,355,183,22,97
493,515,241,133,140
493,350,184,24,95
494,521,240,127,146
494,344,184,30,94
495,521,238,126,139
495,340,184,32,93
496,522,237,123,147
496,334,183,32,93
497,529,235,113,145
497,326,182,26,93
498,532,234,111,151
498,323,182,27,93
499,580,367,47,30
499,537,233,105,154
499,314,182,33,93
500,544,232,97,169
500,310,181,28,94
501,545,232,97,173
501,307,180,24,94
502,747,312,21,38
502,760,259,8,53
502,546,231,97,175
502,303,180,27,94
503,582,266,60,143
503,743,252,25,97
503,553,228,36,126
503,295,181,33,93
504,716,472,48,104
504,734,233,34,113
504,557,225,88,190
504,288,180,34,94
505,717,437,50,136
505,582,381,32,36
505,586,266,61,153
505,738,231,30,84
505,556,223,31,117
505,285,179,32,95
506,705,434,62,142
506,582,266,69,152
506,730,229,38,117
506,551,222,34,125
506,281,177,26,96
507,696,430,71,114
507,591,265,68,155
507,725,225,34,114
507,550,222,31,124
507,277,179,27,94
508,677,431,86,145
508,593,265,72,158
508,721,224,35,115
508,547,220,32,125
508,274,179,27,93
509,645,434,111,142
509,599,265,72,163
509,715,224,37,114
509,544,220,34,120
509,272,178,27,94
510,636,484,96,92
510,634,429,100,145
510,603,265,74,165
510,710,221,38,115
510,539,217,30,116
510,265,176,24,93
511,624,482,78,78
511,622,430,35,128
511,673,349,13,44
511,676,316,15,77
511,679,312,8,41
511,605,265,107,295
511,706,218,35,114
511,539,217,26,115
511,262,175,27,94
512,603,265,98,309
512,701,217,34,113
512,531,215,30,119
512,257,176,28,93
513,611,454,32,122
513,593,438,49,138
513,672,436,24,138
513,639,388,8,52
513,602,265,96,132
513,675,216,56,222
513,528,214,34,119
513,253,176,33,93
514,585,431,103,145
514,608,265,39,118
514,643,216,89,222
514,528,213,28,118
514,250,175,33,94
515,565,421,111,155
515,609,266,37,117
515,710,228,16,209
515,665,214,43,210
515,521,209,23,115
515,244,174,26,93
516,560,519,7,51
516,575,415,82,161
516,680,409,28,33
516,608,266,39,116
516,682,213,56,234
516,512,209,31,114
516,241,173,31,92
517,544,413,79,163
517,684,313,58,135
517,610,265,37,116
517,677,210,31,109
517,507,208,33,114
517,237,173,28,93
518,515,502,99,74
518,513,416,103,159
518,687,313,68,138
518,611,265,36,116
518,669,209,37,109
518,505,205,33,115
518,235,171,31,95
519,515,502,95,74
519,513,415,99,161
519,703,315,64,139
519,612,265,37,117
519,669,209,36,109
519,501,204,33,112
519,233,170,25,93
520,481,519,28,57
520,502,465,80,111
520,501,406,83,168
520,759,384,9,49
520,726,322,39,98
520,614,264,38,115
520,664,205,33,109
520,494,201,29,111
520,228,170,26,93
521,470,403,87,173
521,723,324,45,136
521,619,263,33,114
521,657,203,33,108
521,491,200,27,112
521,225,171,29,91
522,451,405,55,165
522,506,403,52,170
522,730,337,38,112
522,620,263,33,113
522,656,202,34,108
522,487,200,30,112
522,222,171,32,90
523,510,423,32,131
523,447,403,61,142
523,738,344,30,114
523,625,202,63,174
523,485,197,30,114
523,219,170,31,92
524,420,499,25,44
524,748,421,20,40
524,485,418,46,158
524,447,396,36,118
524,625,201,55,175
524,478,193,28,111
524,215,168,21,93
525,491,508,18,68
525,411,507,17,60
525,432,392,59,130
525,625,198,49,178
525,475,192,28,110
525,213,168,23,92
526,410,389,82,162
526,628,197,40,178
526,471,192,32,110
526,210,168,23,93
527,419,544,37,32
527,396,389,88,187
527,627,195,38,180
527,469,192,32,110
527,206,168,26,91
528,369,391,104,185
528,628,194,37,180
528,468,189,31,110
528,199,166,27,89
529,362,389,103,171
529,628,287,34,88
529,631,192,25,77
529,464,189,31,108
529,197,165,27,91
530,355,384,92,188
530,625,189,38,188
530,461,186,29,108
530,195,165,30,90
531,380,518,27,46
531,382,511,30,53
531,329,511,41,55
531,340,380,70,137
531,618,187,45,193
531,458,187,29,105
531,189,166,31,86
532,315,380,95,183
532,458,188,29,105
532,616,187,48,194
532,186,164,31,88
533,302,380,104,184
533,617,185,48,196
533,457,183,26,108
533,184,163,25,89
534,304,379,100,179
534,615,184,50,197
534,456,181,22,107
534,182,163,25,87
535,290,376,107,179
535,634,303,32,79
535,613,181,38,190
535,454,179,24,107
535,179,163,28,88
536,279,518,59,27
536,264,372,101,139
536,634,270,34,119
536,611,180,37,100
536,451,180,25,103
536,175,162,28,90
537,270,518,71,30
537,256,372,100,143
537,645,293,25,101
537,640,275,17,100
537,636,273,18,105
537,448,182,27,100
537,610,180,40,100
537,174,162,28,88
538,250,373,108,174
538,635,276,36,119
538,446,180,28,101
538,610,178,35,102
538,171,161,23,90
539,280,511,40,37
539,233,373,119,169
539,633,279,42,116
539,441,177,28,99
539,609,175,33,100
539,165,161,23,87
540,238,497,43,43
540,229,371,117,161
540,632,280,43,116
540,440,174,24,99
540,606,173,35,99
540,164,162,27,85
541,224,369,111,168
541,634,282,42,117
541,606,173,34,97
541,438,172,23,101
541,161,162,24,85
542,217,368,103,172
542,632,283,44,124
542,604,173,34,97
542,437,171,22,103
542,157,160,27,87
543,230,516,37,23
543,274,489,39,49
543,215,368,102,135
543,632,291,43,117
543,604,172,34,98
543,436,169,22,104
543,156,160,21,86
544,198,367,119,173
544,627,292,47,118
544,600,170,34,97
544,434,169,21,102
544,153,160,22,87
545,238,513,34,23
545,184,365,127,167
545,645,293,27,120
545,627,289,25,113
545,433,168,18,94
545,598,166,33,97
545,147,160,25,85
546,182,362,127,172
546,633,289,38,126
546,432,169,18,54
546,596,165,34,96
546,145,161,24,84
547,193,508,32,26
547,176,362,124,170
547,626,290,44,129
547,432,171,14,49
547,595,165,35,96
547,143,158,24,87
548,217,495,34,40
548,268,475,26,47
548,174,362,121,161
548,626,292,43,130
548,599,164,31,95
548,141,158,20,87
549,173,365,120,167
549,624,294,49,128
549,601,160,29,94
549,131,159,26,85
550,172,362,120,158
550,658,302,12,118
550,625,295,30,113
550,129,160,29,85
550,599,159,30,94
551,220,366,72,166
551,169,360,54,109
551,626,297,47,125
551,413,162,11,46
551,596,159,31,93
551,126,159,29,87
552,167,357,116,171
552,660,302,9,118
552,621,297,45,125
552,412,161,12,47
552,594,159,31,93
552,123,159,26,86
553,179,480,19,38
553,166,355,114,171
553,625,298,41,124
553,119,158,22,86
553,593,157,29,95
554,166,352,108,180
554,626,301,44,121
554,111,159,27,85
554,406,156,17,57
554,588,155,30,93
555,197,509,52,26
555,179,487,82,38
555,167,351,101,174
555,626,298,43,124
555,107,160,28,83
555,409,156,11,81
555,586,154,31,93
555,403,154,10,92
556,168,350,103,180
556,626,301,43,121
556,105,160,29,86
556,399,154,18,93
556,583,153,33,92
557,169,348,98,187
557,627,300,43,122
557,97,161,26,85
557,394,153,19,91
557,584,152,31,91
558,190,492,23,44
558,169,346,95,163
558,626,300,46,122
558,94,162,26,84
558,391,153,21,90
558,585,152,29,91
559,169,346,92,198
559,628,300,44,121
559,389,184,10,51
559,90,161,28,86
559,397,156,14,83
559,582,151,31,91
560,169,346,83,200
560,627,300,43,123
560,392,192,10,50
560,85,166,29,79
560,395,154,14,89
560,582,151,31,92
560,384,149,17,43
561,169,345,76,201
561,626,300,47,122
561,84,163,28,82
561,393,156,13,44
561,381,152,21,90
561,584,151,28,91
562,176,345,70,202
562,627,301,45,121
562,81,163,27,84
562,583,151,29,92
562,379,149,25,93
563,176,344,72,205
563,628,300,45,122
563,73,164,24,84
563,587,151,25,91
563,375,147,19,91
564,177,344,72,212
564,624,300,47,122
564,65,165,30,83
564,587,151,25,91
564,373,145,17,96
565,182,343,60,218
565,625,298,46,124
565,65,166,30,83
565,587,151,24,92
565,370,144,18,93
566,180,341,80,224
566,626,301,47,122
566,57,166,25,84
566,585,153,25,89
566,361,144,24,92
567,179,340,81,225
567,625,301,47,120
567,54,166,19,84
567,586,154,22,88
567,360,144,28,92
568,178,339,78,227
568,626,301,44,121
568,48,167,25,83
568,580,153,24,89
568,357,143,25,93
569,178,338,68,229
569,624,301,49,121
569,38,169,34,81
569,574,155,30,89
569,349,141,26,92
570,178,338,65,235
570,628,301,45,121
570,752,267,16,88
570,36,169,28,80
570,572,155,28,89
570,346,140,22,92
571,172,337,61,236
571,627,301,43,121
571,745,238,20,108
571,28,169,22,82
571,570,157,29,88
571,342,140,26,92
572,170,335,66,232
572,738,300,18,52
572,624,299,49,124
572,745,260,23,90
572,739,237,29,64
572,21,170,28,81
572,568,156,29,90
572,340,141,26,90
573,166,334,77,239
573,625,300,45,122
573,731,236,36,118
573,12,171,37,80
573,566,158,31,91
573,337,139,23,92
574,179,533,36,43
574,161,334,87,242
574,625,300,49,122
574,729,232,31,118
574,12,170,30,81
574,567,159,26,93
574,331,138,18,91
575,189,543,26,33
575,160,333,87,243
575,622,300,47,122
575,722,230,31,117
575,569,159,25,93
575,323,137,25,91
576,161,333,86,243
576,621,301,50,121
576,720,230,27,114
576,570,160,26,93
576,315,139,33,89
577,180,526,24,50
577,165,334,84,242
577,623,301,47,122
577,704,229,38,115
577,573,160,27,94
577,311,139,23,85
578,169,333,84,242
578,624,301,47,122
578,704,227,34,114
578,575,161,26,95
578,305,137,25,89
579,173,419,45,157
579,185,330,73,246
579,623,301,47,121
579,698,226,31,113
579,576,164,26,94
579,299,137,20,89
580,177,419,53,157
580,217,329,47,151
580,620,302,50,120
580,690,224,32,113
580,577,164,28,94
580,295,137,25,89
581,183,329,93,247
581,622,300,49,123
581,676,223,37,114
581,581,164,31,96
581,290,139,28,86
582,185,421,72,155
582,240,326,39,147
582,623,304,48,118
582,673,222,38,114
582,584,165,35,96
582,286,138,25,87
583,189,418,68,158
583,250,322,41,146
583,621,304,48,118
583,672,219,33,115
583,588,167,34,98
583,283,138,16,89
584,215,415,47,161
584,257,321,66,144
584,660,312,9,103
584,623,304,39,118
584,667,217,23,112
584,591,170,36,97
584,271,138,21,88
585,629,386,41,36
585,220,322,108,254
585,641,216,44,172
585,596,170,32,97
585,266,138,26,87
586,227,416,64,160
586,269,320,59,139
586,626,216,56,206
586,601,171,31,97
586,262,140,17,83
587,237,545,47,31
587,234,420,54,156
587,294,315,49,141
587,619,213,58,209
587,607,175,34,101
587,252,137,23,87
588,234,426,26,150
588,261,420,29,156
588,300,314,53,143
588,606,177,65,245
588,246,137,20,89
589,242,422,51,154
589,308,314,56,141
589,646,211,22,66
589,611,178,59,244
589,243,137,23,88
590,258,424,62,152
590,332,311,40,141
590,618,180,53,242
590,237,138,26,86
591,260,425,64,151
591,629,316,20,103
591,659,312,12,110
591,345,308,39,139
591,641,306,19,112
591,618,183,45,134
591,235,138,18,86
592,261,425,58,151
592,348,308,53,137
592,627,301,43,110
592,619,185,48,103
592,230,136,18,90
593,262,425,43,151
593,352,310,71,133
593,631,306,23,108
593,633,304,41,118
593,609,252,60,58
593,607,186,61,120
593,221,137,20,89
594,262,425,42,151
594,362,311,62,129
594,628,304,44,119
594,603,187,72,123
594,215,137,25,89
595,261,426,44,150
595,380,308,49,133
595,633,304,39,118
595,604,189,71,121
595,215,138,24,88
596,262,426,44,150
596,631,310,41,112
596,633,304,24,90
596,389,304,51,135
596,592,193,87,114
596,212,138,24,87
597,261,426,47,150
597,628,304,42,118
597,393,304,64,135
597,589,199,35,106
597,639,193,45,103
597,207,137,23,89
598,266,425,52,151
598,633,304,36,117
598,412,301,60,137
598,577,198,40,106
598,646,195,40,104
598,199,137,19,88
599,269,425,54,151
599,630,401,35,21
599,660,306,13,114
599,643,306,10,74
599,655,304,12,107
599,428,298,42,134
599,647,198,48,104
599,575,198,36,105
599,197,138,22,86
600,274,425,52,151
600,625,302,44,119
600,444,295,34,136
600,651,201,44,104
600,573,194,32,107
600,196,137,15,85
601,281,423,48,153
601,629,303,41,120
601,449,294,54,133
601,663,202,42,104
601,561,192,34,105
601,190,137,22,88
602,288,422,49,154
602,626,303,44,119
602,450,295,59,132
602,697,216,11,61
602,668,202,28,98
602,554,192,40,104
602,187,136,15,88
603,294,420,47,156
603,626,305,44,117
603,453,294,51,132
603,678,207,33,106
603,549,191,43,103
603,185,136,13,88
604,298,418,74,158
604,641,305,30,114
604,481,290,35,132
604,681,208,39,107
604,547,188,36,105
604,178,136,14,67
605,304,419,71,157
605,619,305,50,117
605,483,289,43,132
605,685,209,36,107
605,537,187,33,103
605,173,137,25,84
606,308,479,61,97
606,306,420,62,156
606,625,305,45,117
606,496,290,59,130
606,694,215,38,107
606,531,186,33,104
606,164,135,25,85
607,312,481,57,95
607,310,422,60,154
607,617,385,29,37
607,625,305,41,95
607,507,289,53,118
607,533,240,19,40
607,694,216,43,110
607,527,185,38,103
607,161,135,20,85
608,316,423,63,153
608,612,305,56,117
608,517,286,47,130
608,698,218,39,108
608,526,183,36,105
608,158,135,20,85
609,338,419,52,157
609,618,306,54,116
609,524,285,49,130
609,706,219,43,108
609,520,181,28,102
609,155,136,22,84
610,343,419,52,157
610,609,309,62,113
610,526,286,64,128
610,712,220,45,111
610,511,181,34,102
610,152,135,23,84
611,348,419,50,157
611,617,306,56,116
611,528,286,58,129
611,714,223,44,114
611,506,182,39,100
611,9,177,29,84
611,149,133,21,86
612,353,419,45,140
612,621,354,51,68
612,638,304,29,91
612,528,277,59,138
612,721,225,38,114
612,501,182,41,100
612,13,177,26,83
612,147,132,16,87
613,356,418,50,158
613,544,362,19,46
613,606,305,68,117
613,556,266,40,116
613,725,228,37,111
613,497,183,31,93
613,22,175,19,83
613,142,132,19,86
614,365,417,46,159
614,653,306,11,44
614,543,272,125,152
614,729,229,39,112
614,490,180,34,95
614,26,175,21,82
614,140,132,20,86
615,368,417,46,159
615,545,276,129,147
615,731,232,37,110
615,488,183,33,92
615,30,173,27,82
615,137,133,23,86
616,371,416,43,160
616,569,309,102,113
616,566,268,60,118
616,738,237,30,112
616,36,175,36,81
616,482,172,32,101
616,133,132,22,87
617,372,416,45,160
617,623,360,42,35
617,647,338,19,53
617,652,310,15,42
617,568,265,78,151
617,745,255,23,81
617,742,246,26,91
617,40,176,31,80
617,480,170,28,99
617,132,132,18,87
618,375,416,49,160
618,751,310,17,45
618,566,263,98,160
618,755,255,13,50
618,55,173,20,83
618,476,168,22,96
618,129,132,13,86
619,376,416,50,160
619,616,319,46,101
619,570,261,75,131
619,758,259,10,54
619,60,173,27,83
619,466,168,30,95
619,126,133,18,86
620,374,415,53,161
620,591,338,63,78
620,595,289,47,91
620,568,257,45,134
620,63,173,33,81
620,464,168,30,96
620,124,133,19,86
621,373,414,54,160
621,642,319,14,86
621,576,253,64,142
621,66,171,34,85
621,463,166,29,95
621,123,133,20,85
622,371,410,52,166
622,577,252,66,162
622,79,171,31,84
622,449,164,30,96
622,121,133,20,86
623,376,537,40,30
623,370,408,50,157
623,578,249,60,159
623,82,169,33,86
623,447,165,30,89
623,119,133,22,86
624,366,405,51,171
624,578,244,54,161
624,86,169,30,85
624,443,164,30,91
624,119,133,18,86
625,362,403,54,173
625,576,241,52,159
625,89,170,31,83
625,442,162,28,93
625,118,132,15,86
626,358,399,52,175
626,569,239,64,159
626,97,169,21,85
626,440,159,19,93
626,118,132,14,84
627,358,397,52,167
627,570,239,67,143
627,437,158,18,93
627,101,132,31,122
628,357,397,53,170
628,592,351,36,39
628,566,237,71,153
628,105,165,22,88
628,434,159,18,92
628,117,132,15,117
629,356,394,54,165
629,561,267,47,118
629,612,231,35,115
629,432,158,14,52
629,111,132,32,120
630,357,393,52,164
630,560,265,44,117
630,616,229,34,115
630,115,132,30,118
631,355,430,44,122
631,352,388,52,148
631,549,259,41,117
631,622,227,34,116
631,409,156,12,46
631,116,132,37,116
632,346,387,55,153
632,544,258,41,114
632,625,224,32,98
632,408,156,13,44
632,116,132,40,115
633,351,386,49,164
633,538,257,43,115
633,627,221,34,101
633,404,155,11,46
633,116,133,48,114
634,347,384,49,165
634,536,255,40,116
634,628,219,34,103
634,135,160,32,86
634,403,153,17,88
634,116,132,16,86
635,342,382,51,166
635,532,252,41,114
635,631,219,33,101
635,136,160,30,85
635,401,153,16,89
635,116,133,18,86
636,338,381,52,167
636,528,249,40,114
636,633,218,34,104
636,143,158,25,87
636,397,152,16,90
636,115,134,19,84
637,337,378,48,157
637,517,247,45,112
637,641,212,32,98
637,154,157,25,86
637,392,153,19,88
637,115,135,19,84
638,368,406,15,121
638,336,377,41,157
638,518,245,41,112
638,643,209,33,102
638,157,157,16,86
638,387,152,24,88
638,115,135,24,84
639,336,377,49,157
639,513,242,39,111
639,646,209,31,105
639,160,157,16,85
639,383,151,23,88
639,116,137,25,84
640,335,377,51,157
640,506,240,37,109
640,647,209,30,104
640,161,156,29,85
640,378,151,19,50
640,117,137,24,86
641,337,377,48,157
641,499,240,37,109
641,647,203,30,106
641,174,154,23,88
641,367,152,24,86
641,123,146,18,76
641,119,137,10,67
642,355,406,30,128
642,337,376,34,155
642,493,238,38,109
642,645,201,33,97
642,178,155,30,83
642,364,152,21,86
642,120,137,20,84
643,338,404,6,65
643,341,376,46,157
643,490,236,37,107
643,644,200,34,102
643,183,154,29,85
643,362,150,20,88
643,122,137,20,87
644,339,376,48,157
644,484,233,39,106
644,644,199,33,106
644,182,154,32,83
644,358,148,21,90
644,123,137,27,87
645,338,375,49,157
645,483,232,40,105
645,642,198,35,106
645,187,153,28,84
645,354,148,21,89
645,125,139,29,85
646,341,374,47,155
646,478,231,42,106
646,644,196,33,105
646,196,152,18,86
646,346,149,25,89
646,128,140,29,86
647,341,372,48,151
647,479,229,37,104
647,642,193,34,105
647,201,152,19,84
647,343,149,18,89
647,130,139,28,87
648,338,370,52,156
648,475,223,29,103
648,642,189,31,102
648,204,152,31,83
648,337,149,24,88
648,135,139,17,88
649,338,368,49,130
649,468,222,34,104
649,641,189,32,103
649,214,151,22,82
649,333,149,22,88
649,137,139,24,88
650,337,366,50,159
650,471,221,29,104
650,643,188,28,102
650,329,150,16,87
650,216,149,18,85
650,140,140,28,88
651,334,363,47,161
651,464,218,34,105
651,639,186,31,102
651,322,150,20,87
651,222,148,21,84
651,141,141,29,88
652,330,360,48,158
652,465,213,31,101
652,634,182,31,97
652,317,149,25,88
652,226,148,31,83
652,147,140,24,89
653,334,386,40,126
653,329,358,35,133
653,460,212,34,102
653,632,181,33,100
653,312,148,25,89
653,230,148,27,82
653,148,141,22,89
654,346,384,28,128
654,326,357,34,147
654,464,211,29,102
654,629,181,35,99
654,308,148,18,90
654,236,147,22,83
654,151,140,30,90
655,325,357,47,156
655,462,209,30,101
655,628,180,35,101
655,303,149,24,89
655,244,146,15,83
655,154,143,32,87
656,324,355,46,155
656,729,305,39,129
656,461,206,31,101
656,627,177,31,103
656,294,149,29,87
656,249,146,16,83
656,158,143,28,88
657,356,378,10,101
657,322,354,32,141
657,723,304,45,127
657,460,204,29,100
657,626,174,29,101
657,293,150,29,88
657,253,147,14,81
657,159,143,28,86
658,318,352,47,159
658,720,298,48,131
658,460,204,33,99
658,626,173,27,98
658,291,149,28,90
658,253,146,30,83
658,163,142,27,90
659,308,351,56,153
659,709,294,41,133
659,461,203,32,97
659,627,173,24,97
659,264,145,48,91
659,170,141,23,90
660,295,351,65,150
660,684,291,54,137
660,462,197,30,98
660,624,172,24,95
660,272,144,32,95
660,176,142,33,90
661,295,349,60,152
661,682,288,46,134
661,462,196,32,97
661,620,169,22,98
661,273,145,32,92
661,177,144,35,88
662,288,347,63,151
662,666,285,41,133
662,462,196,31,97
662,613,168,26,99
662,271,145,35,92
662,179,143,33,92
663,282,345,55,148
663,650,284,51,131
663,462,195,31,97
663,609,166,29,95
663,202,156,9,79
663,269,144,34,93
663,187,143,12,58
664,274,343,46,148
664,642,279,47,128
664,461,190,29,96
664,602,166,30,92
664,261,147,30,89
664,294,144,15,83
664,193,143,35,92
665,269,342,46,149
665,639,276,29,128
665,461,189,27,96
665,598,165,31,93
665,249,147,39,89
665,196,145,50,93
665,298,144,24,83
666,266,340,44,149
666,611,272,48,131
666,463,188,31,96
666,597,161,22,81
666,253,147,31,89
666,201,147,45,91
666,303,144,23,82
667,261,338,41,147
667,611,269,38,128
667,465,186,25,95
667,596,159,19,95
667,247,148,33,88
667,204,146,50,92
667,308,143,19,80
668,254,337,39,143
668,593,265,39,128
668,466,183,26,93
668,589,159,25,93
668,209,145,60,98
668,316,142,16,82
669,249,336,41,145
669,581,265,42,124
669,467,181,26,92
669,583,159,29,93
669,209,145,55,95
669,319,142,15,82
670,224,337,65,143
670,569,263,48,120
670,468,180,31,92
670,581,158,23,93
670,209,147,58,98
670,325,143,25,81
671,223,337,63,142
671,559,259,40,121
671,469,178,28,93
671,575,157,24,84
671,218,147,49,98
671,329,143,22,81
672,224,335,59,142
672,548,255,41,125
672,469,176,25,89
672,570,155,22,87
672,213,146,50,99
672,335,142,16,82
673,217,332,61,141
673,539,257,47,122
673,470,175,28,91
673,565,155,25,91
673,218,146,51,99
673,340,142,15,81
674,221,348,30,123
674,205,330,23,132
674,523,249,38,123
674,471,174,31,88
674,559,155,28,89
674,214,149,58,96
674,348,142,24,82
675,201,330,44,141
675,514,249,42,120
675,473,173,29,90
675,228,164,43,81
675,230,162,19,54
675,557,154,24,87
675,209,147,18,92
675,348,143,19,81
676,193,330,49,141
676,510,249,42,119
676,559,176,9,64
676,475,172,24,90
676,555,155,17,85
676,206,148,65,97
676,357,142,16,63
677,184,331,54,140
677,503,247,42,117
677,477,169,24,90
677,547,150,21,89
677,245,149,26,95
677,201,148,31,87
677,361,141,15,81
678,179,327,56,142
678,469,168,47,192
678,194,156,27,76
678,533,152,30,87
678,259,149,29,95
678,371,140,12,79
679,175,325,49,143
679,495,170,13,183
679,465,167,36,192
679,530,151,31,87
679,259,151,35,94
679,191,147,29,86
679,375,142,10,56
680,170,322,36,141
680,269,173,28,71
680,465,167,41,191
680,187,155,25,77
680,261,152,19,91
680,529,151,25,91
680,380,143,13,52
681,148,322,53,139
681,442,235,44,120
681,489,172,23,78
681,277,166,23,81
681,182,157,21,80
681,275,150,13,89
681,516,149,18,87
681,389,139,13,66
682,144,322,53,137
682,436,237,47,118
682,181,193,5,41
682,177,188,6,48
682,183,158,19,76
682,280,151,28,96
682,490,149,43,99
682,392,140,14,74
683,144,320,45,132
683,435,236,42,116
683,283,152,29,96
683,493,150,38,98
683,168,150,28,86
683,396,140,16,65
684,131,313,46,139
684,419,245,8,60
684,433,242,20,101
684,498,181,27,66
684,288,155,30,94
684,166,152,29,82
684,404,140,15,74
685,126,311,47,138
685,433,248,15,95
685,409,240,18,102
685,297,155,25,94
685,162,151,34,84
685,495,148,29,96
685,410,139,12,61
686,128,310,43,139
686,400,241,27,101
686,511,170,16,73
686,505,160,14,62
686,303,153,21,95
686,156,153,37,85
686,488,147,14,86
686,414,138,10,63
687,125,331,44,118
687,392,225,35,116
687,514,158,16,84
687,307,153,24,97
687,157,153,33,84
687,481,148,23,85
687,418,138,6,43
688,123,307,43,140
688,372,232,46,104
688,517,158,21,84
688,309,156,34,95
688,149,154,34,86
688,468,148,30,85
688,430,138,20,76
689,119,304,45,140
689,383,245,32,90
689,371,222,12,107
689,324,181,20,70
689,520,156,20,85
689,312,155,20,94
689,149,154,33,86
689,466,148,26,84
689,430,137,19,79
690,118,302,43,135
690,366,220,35,111
690,318,155,26,96
690,151,155,33,88
690,523,154,21,85
690,465,146,17,87
690,433,139,15,76
691,120,299,41,136
691,745,218,23,108
691,349,218,37,108
691,329,156,24,98
691,154,155,22,69
691,525,153,27,84
691,439,138,33,94
692,118,298,39,136
692,741,230,27,87
692,739,217,29,100
692,333,157,47,167
692,155,155,25,90
692,460,154,10,75
692,527,153,23,83
692,440,136,15,86
693,116,295,42,136
693,735,216,32,110
693,336,159,30,162
693,155,155,34,89
693,529,153,25,84
693,440,136,29,96
694,113,292,44,133
694,730,216,38,109
694,333,161,32,158
694,157,158,33,88
694,530,152,22,83
694,438,134,28,98
695,112,289,42,132
695,718,216,47,110
695,320,167,42,151
695,161,158,29,89
695,530,153,23,84
695,436,145,12,66
695,453,133,15,80
696,111,289,40,131
696,719,214,43,110
696,319,211,37,107
696,348,159,18,97
696,165,158,27,88
696,530,154,23,84
696,432,144,14,66
696,457,131,14,81
697,110,288,41,132
697,713,212,40,110
697,312,210,33,101
697,352,160,19,96
697,169,158,17,90
697,528,155,25,84
697,432,152,12,58
697,460,132,20,79
698,108,283,41,129
698,698,210,38,109
698,299,208,29,102
698,355,164,24,96
698,524,158,26,81
698,178,158,28,92
698,462,132,25,79
699,105,280,40,128
699,686,211,47,106
699,293,206,31,103
699,357,168,23,92
699,178,159,34,92
699,522,157,26,83
699,416,151,7,51
699,466,131,20,79
700,104,279,39,126
700,682,211,50,106
700,287,207,27,97
700,364,168,19,92
700,179,160,26,91
700,521,157,23,85
700,412,146,11,62
700,473,129,17,79
701,103,278,38,126
701,682,222,45,94
701,281,206,29,96
701,367,173,18,89
701,184,160,22,89
701,520,159,22,85
701,410,146,11,64
701,475,129,17,78
702,98,275,39,127
702,679,208,25,107
702,268,204,35,98
702,518,163,24,84
702,193,163,29,89
702,399,149,16,64
702,480,129,18,64
703,94,272,39,126
703,389,213,14,54
703,670,207,29,107
703,261,205,33,90
703,516,163,25,84
703,196,162,29,92
703,392,148,19,64
703,483,128,18,59
704,91,270,41,124
704,658,207,39,107
704,254,204,28,91
704,514,163,27,85
704,201,163,26,90
704,393,148,14,119
704,487,127,18,79
705,87,269,41,124
705,653,205,37,108
705,243,200,35,94
705,208,161,28,90
705,383,146,28,121
705,493,125,44,128
706,86,267,40,123
706,652,204,24,84
706,396,179,20,88
706,508,167,28,87
706,210,162,60,129
706,379,146,14,52
706,497,125,15,56
707,83,265,39,123
707,662,217,9,63
707,642,203,18,107
707,399,181,15,86
707,213,163,56,125
707,372,146,15,54
707,500,126,32,129
708,81,263,34,119
708,632,203,33,105
708,399,184,13,83
708,215,164,54,124
708,366,148,20,88
708,501,125,29,129
709,74,262,39,118
709,619,203,38,104
709,215,165,37,120
709,359,149,20,88
709,499,123,28,136
710,73,261,39,117
710,619,202,42,105
710,497,182,28,80
710,209,165,42,118
710,356,149,18,87
710,513,123,17,73
711,68,258,39,119
711,617,201,33,105
711,495,182,30,80
711,202,165,55,118
711,352,149,26,86
711,515,123,22,77
712,60,253,38,116
712,435,236,14,48
712,606,200,31,105
712,491,180,26,84
712,193,168,69,111
712,336,151,30,89
712,523,123,18,77
713,57,253,41,117
713,434,235,19,49
713,596,200,38,105
713,487,183,26,84
713,189,168,74,108
713,332,153,31,87
713,534,144,7,54
713,526,122,12,74
714,55,252,43,116
714,435,208,23,76
714,594,200,36,105
714,483,185,29,85
714,184,168,87,109
714,332,153,28,87
714,529,121,16,77
715,56,252,40,116
715,595,198,35,106
715,493,189,21,84
715,177,185,44,90
715,435,182,26,103
715,483,177,14,96
715,241,169,34,98
715,330,153,24,88
715,533,120,15,77
716,57,247,33,114
716,580,196,34,104
716,437,192,36,100
716,165,180,22,80
716,482,178,28,102
716,241,172,37,97
716,322,154,28,89
716,538,119,26,77
717,58,245,32,113
717,574,196,34,105
717,464,191,45,101
717,159,180,25,87
717,438,178,58,113
717,246,172,35,99
717,316,156,24,92
717,542,119,24,75
718,58,245,33,113
718,565,197,44,103
718,154,181,27,87
718,445,179,67,113
718,249,172,35,99
718,313,166,24,81
718,545,118,21,77
719,58,243,35,113
719,552,195,53,104
719,459,185,62,112
719,144,179,30,90
719,252,175,38,99
719,309,165,22,67
719,549,117,19,77
720,59,243,33,110
720,540,194,61,106
720,460,183,62,117
720,137,178,33,88
720,257,176,39,98
720,307,166,26,86
720,553,117,21,77
721,60,243,34,106
721,507,194,81,105
721,277,187,14,77
721,508,185,63,51
721,461,185,46,117
721,130,180,40,86
721,262,177,13,97
721,294,161,43,90
721,556,117,24,76
722,64,240,39,105
722,565,194,23,104
722,122,176,33,89
722,268,164,62,111
722,469,115,111,185
723,66,238,39,109
723,565,204,13,66
723,475,184,108,118
723,117,174,33,89
723,275,163,45,112
723,565,114,17,78
724,71,236,29,108
724,478,184,103,117
724,112,174,38,90
724,278,164,45,113
724,567,114,19,76
725,77,233,32,104
725,481,184,91,125
725,103,172,30,90
725,283,165,35,113
725,573,114,26,74
726,484,184,87,125
726,79,172,54,165
726,283,167,38,110
726,574,114,25,76
727,488,185,85,125
727,81,173,51,164
727,281,168,43,110
727,579,113,22,76
728,501,185,73,126
728,84,172,40,163
728,280,169,46,111
728,582,113,19,76
729,294,195,32,89
729,506,184,67,130
729,82,170,40,165
729,280,169,16,53
729,585,113,19,74
730,504,182,76,132
730,78,174,47,152
730,280,172,53,110
730,70,170,11,83
730,590,113,21,74
731,301,192,36,89
731,500,188,55,81
731,280,184,28,98
731,501,182,87,132
731,67,170,65,155
731,594,112,17,75
732,99,224,35,102
732,486,183,107,132
732,63,181,10,73
732,279,175,53,110
732,66,168,27,87
732,596,112,18,74
733,102,223,31,103
733,296,189,46,96
733,481,184,113,131
733,277,176,18,55
733,58,168,35,86
733,599,111,20,74
734,106,221,31,102
734,316,212,32,58
734,481,186,41,101
734,275,186,72,98
734,536,182,60,134
734,49,168,41,83
734,601,110,16,75
735,108,219,30,99
735,481,195,35,92
735,312,190,40,96
735,273,189,37,91
735,480,184,9,55
735,535,182,63,137
735,48,167,36,84
735,604,110,19,74
736,109,217,30,100
736,322,203,30,84
736,273,191,41,88
736,473,182,25,101
736,537,181,61,138
736,43,166,39,85
736,606,110,24,73
737,110,216,39,100
737,325,192,36,98
737,272,192,43,90
737,466,181,32,103
737,540,180,58,140
737,36,166,40,83
737,608,110,20,73
738,113,216,40,101
738,328,204,21,88
738,272,193,44,88
738,451,182,44,100
738,552,181,45,139
738,33,166,37,83
738,609,109,20,73
738,736,56,12,47
739,121,212,29,99
739,335,196,30,99
739,271,193,42,80
739,448,182,38,99
739,562,178,34,147
739,25,164,32,83
739,618,108,14,73
739,740,54,10,49
740,125,210,28,98
740,338,195,29,99
740,271,191,38,92
740,446,180,33,98
740,559,177,47,150
740,21,163,34,83
740,622,108,14,73
741,129,209,28,98
741,269,197,41,92
741,341,196,31,99
741,444,179,21,98
741,556,176,55,150
741,15,163,38,82
741,624,107,21,74
741,743,55,10,49
742,572,212,40,114
742,132,210,38,97
742,276,200,32,90
742,344,195,33,102
742,267,193,5,98
742,440,178,24,98
742,550,176,32,91
742,12,164,37,80
742,624,116,24,65
742,744,54,7,49
743,440,236,16,40
743,595,212,22,114
743,136,206,30,98
743,353,199,37,102
743,266,198,23,94
743,259,195,7,84
743,547,177,31,90
743,632,108,16,72
744,598,212,27,115
744,145,204,25,97
744,352,197,38,104
744,254,196,36,98
744,546,173,24,92
744,637,111,14,68
745,598,212,44,115
745,149,203,23,97
745,358,199,28,103
745,251,198,39,97
745,543,173,25,90
745,641,110,13,70
746,377,274,27,33
746,601,214,40,113
746,247,206,34,95
746,372,203,17,58
746,155,202,25,97
746,528,172,33,92
746,643,115,24,66
747,608,212,34,114
747,245,201,36,101
747,158,200,32,98
747,376,194,34,114
747,525,172,36,89
747,644,112,24,69
748,622,211,24,118
748,386,209,24,58
748,245,201,30,101
748,169,200,18,72
748,377,176,41,132
748,523,172,36,91
748,650,113,18,67
749,407,223,12,57
749,635,210,30,118
749,387,209,21,99
749,242,204,31,102
749,178,199,28,92
749,518,176,22,83
749,658,113,18,68
749,735,48,33,55
750,635,211,39,114
750,387,208,30,98
750,240,206,32,103
750,180,198,38,93
750,514,175,20,83
750,660,110,15,70
750,735,56,32,47
751,636,211,39,114
751,372,209,46,98
751,236,207,36,104
751,181,198,34,93
751,508,176,25,82
751,663,111,17,70
752,409,223,18,79
752,401,218,27,90
752,637,210,37,115
752,234,208,36,104
752,184,196,32,93
752,367,174,21,91
752,506,169,26,89
752,664,111,22,71
753,405,252,22,61
753,649,206,31,116
753,200,192,64,121
753,360,172,22,93
753,498,171,23,85
753,671,109,19,74
754,408,253,19,61
754,651,205,32,117
754,203,191,59,127
754,495,174,23,82
754,356,172,18,94
754,673,110,19,73
755,434,230,24,87
755,655,205,31,117
755,211,192,54,133
755,485,175,30,80
755,336,172,36,93
755,676,111,20,76
755,733,50,35,23
756,434,224,25,94
756,656,203,30,118
756,214,190,55,133
756,335,172,37,92
756,483,170,30,84
756,677,112,20,75
757,434,215,32,104
757,656,202,29,106
757,217,190,51,133
757,334,172,34,93
757,480,170,27,85
757,678,113,19,49
757,737,51,29,41
758,435,211,32,109
758,656,201,29,115
758,220,190,53,135
758,332,171,27,94
758,478,170,19,86
758,679,112,19,75
759,655,199,29,113
759,223,189,53,144
759,448,172,45,148
759,322,170,26,95
759,680,114,21,74
760,654,198,27,113
760,226,189,51,145
760,449,174,36,146
760,314,170,31,95
760,682,114,20,76
760,733,47,12,52
761,653,197,25,114
761,227,189,49,146
761,452,174,37,150
761,311,170,33,94
761,683,115,20,75
761,733,46,6,40
762,652,197,23,114
762,233,190,38,145
762,466,182,25,122
762,454,173,18,151
762,311,169,28,95
762,685,117,20,73
762,737,52,29,48
763,650,195,25,114
763,240,188,36,148
763,453,174,39,151
763,301,168,32,95
763,685,116,21,75
764,468,215,28,111
764,650,194,21,113
764,244,185,40,150
764,456,184,13,77
764,443,176,12,86
764,298,168,28,97
764,686,116,21,75
764,735,46,10,52
765,474,216,26,114
765,261,213,29,41
765,648,193,20,112
765,443,178,26,83
765,246,169,80,169
765,686,116,21,76
765,738,49,29,42
766,476,220,35,113
766,633,193,34,109
766,435,185,24,77
766,253,169,64,173
766,686,118,21,78
766,737,44,23,45
767,483,221,29,112
767,627,193,39,109
767,257,168,58,174
767,685,119,21,76
767,737,45,27,46
768,295,243,13,87
768,488,221,29,109
768,626,192,39,111
768,296,178,14,152
768,264,168,33,174
768,684,119,21,77
768,737,45,26,46
769,499,224,37,111
769,626,191,33,109
769,261,169,60,178
769,682,120,22,76
769,737,43,28,59
770,278,258,46,91
770,499,225,41,111
770,625,191,27,108
770,285,178,33,105
770,263,172,18,87
770,261,170,20,89
770,681,120,23,79
770,737,43,31,59
771,500,225,34,111
771,621,191,24,108
771,399,183,10,79
771,261,167,67,182
771,681,121,23,80
771,738,43,29,58
772,518,226,33,114
772,378,208,32,68
772,612,192,27,107
772,261,166,72,186
772,681,123,21,77
773,309,236,30,117
773,524,228,28,118
773,374,216,37,61
773,608,192,32,107
773,289,172,13,59
773,259,166,35,98
773,681,123,21,79
773,737,43,31,58
774,315,240,41,113
774,524,231,34,115
774,374,211,13,67
774,608,191,32,108
774,298,179,29,85
774,257,165,59,100
774,680,124,21,78
774,738,43,28,46
775,319,243,42,114
775,529,231,30,115
775,609,190,31,108
775,367,189,18,90
775,277,170,31,70
775,255,165,24,89
775,678,124,22,77
775,737,44,31,58
776,541,232,28,114
776,326,191,57,168
776,608,190,27,109
776,305,180,21,82
776,297,170,13,73
776,252,163,34,91
776,672,126,25,79
776,739,45,26,44
777,546,234,30,114
777,332,192,45,167
777,609,190,24,111
777,304,168,23,94
777,249,162,37,95
777,670,126,24,80
777,738,42,28,48
778,546,236,36,115
778,334,200,39,162
778,608,192,26,111
778,301,167,26,93
778,245,163,38,91
778,669,126,24,80
779,346,248,32,115
779,557,236,28,117
779,610,194,28,110
779,313,164,70,206
779,242,163,30,91
779,667,127,23,81
779,738,45,28,44
780,346,301,41,73
780,566,237,25,119
780,313,230,6,45
780,608,195,32,109
780,310,164,77,159
780,239,162,31,91
780,666,128,22,82
780,738,45,28,44
781,351,253,45,120
781,566,239,32,119
781,610,196,31,108
781,313,164,35,120
781,239,162,26,90
781,665,129,21,81
782,357,254,31,119
782,568,240,36,118
782,611,197,32,109
782,307,164,39,122
782,234,161,36,92
782,664,129,21,81
782,738,41,29,54
783,364,257,47,118
783,572,241,39,117
783,616,202,29,113
783,284,193,39,92
783,335,171,16,81
783,231,161,26,92
783,661,130,23,81
783,736,40,32,62
784,365,258,49,117
784,576,242,39,121
784,617,205,29,112
784,278,193,43,92
784,338,170,21,81
784,228,159,29,93
784,659,130,24,81
785,370,258,45,119
785,578,206,69,159
785,279,192,38,92
785,341,167,21,83
785,227,158,29,94
785,654,131,28,83
785,738,44,28,45
786,390,258,30,121
786,584,248,43,122
786,621,208,29,112
786,272,190,30,93
786,347,165,20,85
786,226,158,30,94
786,650,133,28,81
787,395,259,32,121
787,644,221,7,102
787,589,208,54,161
787,264,189,33,96
787,353,164,18,82
787,226,157,31,95
787,652,133,24,82
787,737,56,20,45
788,399,261,28,114
788,593,211,60,159
788,259,190,35,93
788,359,163,16,82
788,226,156,28,94
788,651,133,25,82
789,402,264,26,113
789,599,215,62,161
789,254,189,29,94
789,365,164,13,78
789,225,153,26,95
789,651,135,21,85
789,738,42,28,48
790,437,284,5,47
790,409,272,19,109
790,599,215,65,164
790,365,165,18,78
790,225,153,51,130
790,652,137,20,83
790,737,44,29,45
791,422,274,5,65
791,434,263,13,98
791,658,230,9,47
791,636,218,20,59
791,223,153,52,124
791,599,138,76,241
792,434,264,20,123
792,603,219,66,160
792,219,153,56,125
792,654,138,20,83
792,738,56,19,45
793,434,264,34,123
793,654,260,8,79
793,605,222,66,157
793,387,158,18,57
793,220,153,54,125
793,654,138,20,83
794,437,266,40,122
794,617,239,56,143
794,608,225,53,154
794,390,162,15,50
794,218,151,56,127
794,652,138,21,83
795,437,268,40,118
795,612,227,63,158
795,394,157,17,85
795,215,150,56,128
795,653,139,20,85
795,738,43,28,46
