2,1,657.618,280.743
2,2,257.793,258.77
2,3,283.03,266.818
3,4,655.792,283.473
3,5,263.243,257.259
3,6,288.271,268.553
4,7,627.743,281.94
4,8,268.086,250.419
4,9,293.11,250.025
4,10,503.104,211.581
5,11,612.341,287.141
5,12,302.191,240.653
6,13,604.514,285.807
6,14,310.267,240.652
7,15,600.624,272.871
7,16,317.222,243.444
8,17,593.222,266.562
8,18,318.34,269.108
8,19,489.759,195.998
9,20,580.277,287.072
9,21,321.135,233.891
9,22,485.442,197.636
10,23,762.673,395.015
10,24,567.411,288.882
10,25,326.693,249.337
10,26,479.698,187.074
11,27,759.882,363.924
11,28,561.709,288.298
11,29,480.357,236.29
11,30,336.532,248.969
11,31,473.566,204.936
12,32,752.26,350.113
12,33,554.016,278.492
12,34,340.404,250.927
12,35,474.667,191.333
12,36,475.26,210.304
13,23,760,367.667
13,23,759.171,351.645
13,27,748.119,327.356
13,20,537.425,285.616
13,12,344.055,237.278
14,27,745.551,343.323
14,24,522.875,287.133
14,14,352.298,233.76
14,19,462.699,211.462
15,27,738.061,343.528
15,24,519.559,283.513
15,18,358.837,241.443
15,19,455,207.333
15,19,461.678,199.48
15,19,453.333,193.667
16,27,735.629,331.71
16,33,507.829,285.228
16,18,361.873,242.572
16,19,457.602,217.881
17,27,732.493,312.12
17,20,497.173,285.147
17,18,364.157,241.429
17,19,449.289,198.433
18,23,711.516,360.794
18,27,726.264,308.952
18,24,487.12,287.952
18,25,372.32,233.362
18,22,444.513,206.667
19,27,716.388,327.352
19,24,476.906,283.518
19,25,374.343,231.558
20,27,714.463,332.555
20,33,468.409,278.239
20,30,379.644,235.605
21,27,739.988,292.187
21,32,703.204,330.051
21,20,455.133,283.51
21,34,385.949,235.437
22,23,677.53,335.219
22,27,734.673,284.679
22,27,702.793,313.798
22,20,450.606,278.342
22,12,388.118,238.887
23,27,690.831,317.914
23,27,729.907,282.305
23,24,444.99,276.343
23,14,386.342,225.11
23,19,411.133,212.479
24,27,684.235,321.406
24,27,718.6,282.561
24,33,419.962,288.092
24,24,440.369,274.231
24,18,398.094,215.91
25,27,712.479,282.818
25,27,677.96,314.835
25,25,419.819,282.613
25,24,441.041,278.32
25,18,405.358,215.299
25,18,391.966,210.956
26,27,706.81,285.634
26,27,673.962,312.104
26,25,418.665,276.442
26,18,399.791,210.908
27,27,668.653,309.693
27,27,700.255,273.808
27,25,416.546,273.785
27,25,398.528,202.503
28,32,663.961,310.424
28,27,695.545,272.802
28,25,415.532,262.478
29,32,653.863,312.727
29,27,689.057,271.609
29,30,409.566,260.817
30,27,648.321,306.61
30,27,686.526,270.782
30,20,410.453,272.477
31,27,643.334,302.304
31,27,681.099,268.39
31,20,406.578,262.176
32,37,638.404,327.039
32,27,636.69,273.474
32,27,669.637,259.967
33,27,634.981,300.302
33,27,663.765,257.164
34,27,626.662,290.629
34,18,386.333,246.333
35,37,629.129,324.213
35,32,621.673,272.985
36,32,612.079,320.411
36,27,626.44,285.17
36,25,386,242.667
37,27,635.784,256.002
37,32,611.172,282.634
38,32,604.176,275.146
39,27,597.767,271.639
40,38,761.903,375.211
40,27,588.691,279.197
40,27,621.409,246.923
40,20,448.681,241.322
41,38,748.276,376.21
41,39,761.211,294.829
41,27,592.887,272.617
41,20,450.898,239.518
42,38,746.419,367.128
42,39,759.406,299.004
42,27,590.414,275.46
42,20,454.03,235.926
43,38,742.617,364.414
43,39,751.358,297.863
43,32,576.848,251.433
43,27,590.619,276.42
43,20,455.215,229.878
44,39,739.24,294.772
44,27,580.814,270.38
44,20,457.41,223.873
45,38,732.798,351.868
45,39,735.299,294.328
45,27,577.207,271.978
45,20,457.494,218.712
46,40,725.593,325.03
46,32,571.986,270.437
46,20,458.04,219.532
47,32,568.501,296.024
47,40,723.462,327.075
47,27,548.563,270.46
47,32,588.747,265.673
47,20,458.006,215.761
48,38,711.667,340
48,40,713.921,306.938
48,27,555.649,264.665
48,20,455.995,211.356
49,32,525.754,300.826
49,40,706.609,315.25
49,27,555.963,253.208
49,20,460.421,232.046
50,40,698.873,321.508
50,32,530.984,258.29
50,27,572.19,255.675
51,40,690.657,320.127
51,27,541.854,261.182
52,40,685.191,310.904
52,32,524.71,263.929
52,27,561.168,256.003
53,38,686.333,343.667
53,38,674.333,345.333
53,40,680.641,294.697
53,27,532.566,258.117
54,38,674.633,336.1
54,32,533.333,290
54,41,677.457,271.471
54,27,513.547,258.019
54,27,553.863,245.649
55,32,486.258,283.113
55,40,664.709,309.695
55,42,515.223,244.405
55,20,499.79,230.99
55,32,541.015,263.09
56,40,659.044,309.2
56,27,518.848,255.275
57,38,654.515,330.588
57,41,655.854,265.499
57,20,495.928,256.208
57,32,539.32,251.086
58,40,645.083,296.984
58,27,508.24,251.486
59,40,649.065,303.154
59,40,632.574,299.734
59,32,505.632,251.82
60,38,629.638,316.724
60,38,646.776,303.005
60,41,637.314,258.442
60,27,503.852,250.648
61,40,630.195,292.908
61,27,522.309,249.335
61,32,482.091,251.174
61,42,510.667,212.667
61,43,371.991,195.724
62,40,627.828,282.967
62,27,494.483,245.404
62,43,365.853,207.296
63,40,624.558,278.376
63,27,508.314,256.159
63,27,500,236.667
63,27,478.122,244.882
63,43,358.157,212.335
64,40,622.902,275.584
64,20,488.784,252.582
64,20,484.275,215.396
64,42,514.25,215.817
64,43,353.705,212.886
65,40,619.208,274.065
65,27,486.558,240.464
65,43,347.101,208.311
66,40,617.294,266.072
66,42,510.574,242.555
66,20,477.667,225.558
66,43,340.754,211.786
67,27,479.407,252.17
67,40,614.751,267.511
67,27,476.719,225.368
67,43,335.901,214.439
68,40,612.622,267.109
68,32,480.288,233.478
68,43,330.88,213.37
69,40,608.49,265.111
69,42,488.207,211.423
69,27,471.238,241.289
69,43,317.895,213.26
70,42,466.757,262.387
70,40,606.131,263.776
70,42,469.912,219.943
70,42,487.905,222.386
70,27,454.538,205.403
70,43,311.877,211.684
71,20,455.333,241.667
71,40,602.81,255.681
71,27,488.832,220.057
71,27,460.619,219.18
71,43,310.843,213.053
72,27,492.289,244.38
72,40,600.617,250.937
72,27,482.16,217.12
72,27,461.699,234.087
72,43,304.644,212.871
73,40,596.766,249.86
73,20,486.295,210.322
73,20,457.673,212.734
73,43,296.619,214.115
74,40,595.457,249.309
74,42,486.517,216.534
74,20,457.274,212.034
74,43,285.722,209.599
75,42,485.144,217.617
75,40,593.576,243.917
75,20,454.792,208.579
75,43,282.481,205.865
76,40,590.648,245.91
76,27,451.579,202.901
76,43,279.766,210.141
77,40,589.678,247.193
77,20,486.216,199.476
77,42,452.25,205.129
77,43,273.096,200.314
78,40,588.78,245.356
78,42,455.198,211.312
78,43,276.194,210.361
79,40,585.803,239.558
79,42,483.429,196.887
79,27,457.679,203.824
79,43,275.33,209.925
80,40,584.733,236.068
80,27,483.308,196.677
80,27,459.323,197.501
80,43,273.768,211.499
81,40,583.056,236.563
81,27,484.449,191.965
81,43,271.332,200.707
81,27,461.443,189.457
81,44,278.354,71.5451
82,40,581.474,235.897
82,43,273.232,218.233
82,20,470.706,191.036
82,45,276.441,69.2933
83,43,280.797,230.096
83,43,285.347,236.977
83,40,578.717,235.052
83,43,271.704,204.706
83,20,459.123,199.454
83,44,274.056,69.6025
84,40,578.012,232.519
84,43,279.166,217.188
84,20,461.846,188.827
85,40,577.996,230.705
85,43,276.072,206.328
85,27,462.7,198.172
86,43,287.419,220.09
86,40,578.147,227.819
86,20,466.606,201.897
86,44,264.05,70.9
87,43,290.372,225.673
87,40,578.34,226.164
87,42,466.988,198.014
87,44,262.96,74.0715
88,43,297.483,205.325
88,43,284.287,209.471
88,40,578.72,223.369
88,27,468.578,197.521
88,44,262.166,74.0266
89,43,299.454,226.987
89,40,579.437,219.611
89,27,470.977,198.516
89,44,257.4,74.1184
90,43,302.256,228.608
90,40,580.366,218.692
90,20,471.751,198.793
90,44,256.364,72.3822
91,43,305.791,231.803
91,40,581.458,218.363
91,20,471.976,196.317
91,45,254.581,74.6195
92,43,308.227,231.694
92,40,581.924,214.408
92,20,473.976,193.774
92,44,252.539,75.5974
93,43,316.735,234.25
93,40,586.706,208.509
93,20,478.729,185.649
94,43,320.469,237.106
94,40,588.282,209.751
94,27,481.672,183.291
94,44,245.872,74.7708
95,43,323.598,237.316
95,40,589.905,210.018
95,20,484.343,174.04
95,44,243.525,77.0761
96,43,327.405,236.519
96,40,591.074,208.508
96,42,487.911,172.139
96,44,240.847,77.4523
97,43,337.091,240.238
97,40,594.417,203.371
97,20,493.513,168.385
97,44,238.485,77.2272
98,43,340.448,241.178
98,20,523.163,212.728
98,20,518.204,186.853
98,40,595.891,202.924
98,27,495.017,170.329
98,44,236.133,78.3028
99,43,345.357,240.679
99,40,597.895,202.592
99,20,522.607,184.454
99,20,498.592,171.378
99,44,234.06,78.1498
100,43,355.623,241.138
100,40,600.882,198.68
100,20,528.727,190.842
100,20,500.207,171.544
100,45,230.501,79.533
101,43,360.682,245.802
101,46,603.118,195.152
101,40,610.894,181.135
101,27,530.532,191.535
101,40,597.973,177.814
101,27,504.264,163.291
102,43,364.369,247.171
102,40,604.394,193.116
102,20,533.771,189.663
102,20,506.337,167.946
102,44,226.636,80.7073
103,43,370.886,249.318
103,43,362.667,227.333
103,40,606.716,192.346
103,42,536.097,190.878
103,27,508.422,167.369
103,44,223.063,81.0787
104,43,378.138,256.458
104,40,610.731,192.494
104,40,542.315,187.312
104,20,512.37,160.911
104,44,219.219,80.3648
105,43,399.974,264.266
105,43,376,257.667
105,40,613.085,190.445
105,20,540.738,189.18
105,42,515.301,160.699
105,44,218.306,83.5683
106,43,405.016,266.167
106,43,394.051,255.095
106,40,617.252,188.893
106,27,537.924,180.023
106,44,211.084,81.3249
107,40,620.357,190.837
107,27,541.02,178.443
107,44,208.369,81.9602
108,43,414.589,269.874
108,40,620.658,190.822
108,20,544.121,171.529
108,44,206.901,85.772
109,43,438.844,264.929
109,40,625.17,185.438
109,20,546.672,176.909
109,45,201.672,85.0282
110,43,438.913,266.505
110,40,628.279,181.813
110,27,548.533,177.286
111,43,442.168,266.456
111,40,630.763,180.619
111,20,551.229,169.361
111,44,199.341,87.1019
112,43,449.255,266.983
112,47,565.887,201.629
112,40,633.132,180.45
112,42,549.462,165.912
112,44,198.611,86.0981
113,43,454.775,269.655
113,40,635.167,180.855
113,40,557.046,173.292
113,44,196.486,86.7531
114,48,762.189,293.05
114,43,466.672,255.138
114,40,639.622,176.468
114,20,561.598,173.871
114,44,191.034,84.4436
115,48,755.091,275.802
115,43,473.367,252.918
115,40,642.347,177.754
115,27,562.4,173.366
115,44,189.524,87.2857
116,48,753.848,273.84
116,43,480.614,257.389
116,40,644.721,178.25
116,27,563.256,165.286
116,44,186.907,89.64
117,43,485.548,264.499
117,48,752.283,271.768
117,40,645.791,179.073
117,20,569.743,170.792
117,44,183.328,87.3147
118,43,493.054,270.601
118,48,733.177,269.152
118,40,650.27,174.035
118,20,574.641,167.454
118,45,181.517,88.0647
119,43,504.771,263.659
119,48,725.673,270.232
119,40,653.731,170.992
119,27,575.533,169.301
119,44,178.882,91.4934
120,48,719.853,269.514
120,43,512.238,264.344
120,40,583.399,184.481
120,40,655.974,170.283
120,20,576.56,167.822
120,44,176.121,88.4712
121,48,706.626,264.45
121,43,523.743,263.049
121,40,661.511,170.897
121,42,583.834,164.195
121,44,171.521,88.5919
122,48,696.782,265.382
122,43,530.882,258.719
122,40,663.527,169.982
122,40,587.616,162.419
122,44,169.552,92.7333
123,43,546.073,266.974
123,48,684.349,263.684
123,40,668.251,166.532
123,20,591.848,163.06
123,44,164.155,88.6818
124,43,549.25,268.31
124,48,675.8,256.785
124,40,670.375,168
124,27,589.113,156.625
124,44,161.823,90.656
125,43,554.636,266.867
125,49,668.551,223.278
125,27,597.796,163.151
125,44,160.675,93.8596
126,43,562.974,261.915
126,48,657.761,258.86
126,40,674.198,165.778
126,20,599.056,159.067
126,44,159.066,94.1518
127,43,570.802,266.507
127,48,651.33,257.772
127,40,590.64,179.014
127,40,676.966,164.357
127,40,612.815,156.883
127,45,156.219,93.1726
128,43,581.106,277.594
128,48,640.601,249.687
128,40,681.389,158.042
128,27,606.553,154.379
128,44,149.604,92.3071
129,48,618.904,261.316
129,40,684.596,159.709
129,40,608.745,155.581
129,44,145.887,95.038
130,48,615.013,259.198
130,40,686.333,160.748
130,42,610.029,156.148
130,44,144.118,96.3705
131,43,611.867,264.057
131,40,691.628,155.87
131,40,614.732,154.308
131,44,140.119,94.3174
132,50,761.469,310.532
132,51,608.909,254.555
132,20,616.864,154.255
132,40,694.37,153.847
132,44,137.649,96.262
133,50,759.895,304.875
133,48,608.475,256.277
133,40,630.269,146.778
133,40,696.425,156.336
133,27,606.652,154.423
133,44,136.533,97.683
134,52,757.808,343.246
134,50,752.085,289.855
134,48,634.047,270.365
134,43,589.796,246.284
134,27,630.536,156.027
134,40,699.856,157.625
134,27,608.152,153.123
134,44,133.745,97.8643
135,50,743.601,309.623
135,48,639.082,270.943
135,43,584.802,244.728
135,20,631.026,144.109
135,40,700.786,157.733
135,20,610.285,151.773
135,44,130.191,96.8392
136,50,740.524,309.221
136,48,647.495,259.228
136,43,578.236,239.472
136,40,702.042,154.926
136,40,622.695,139.855
136,45,127.096,98.3688
137,50,733.771,303.51
137,48,656.258,254.288
137,43,573.17,241.007
137,27,631.337,162.583
137,40,705.661,152.88
137,27,616.686,139.004
137,44,125.066,100.958
138,50,715.945,297.184
138,48,672.882,265.684
138,51,560.998,243.723
138,40,626.905,150.827
138,40,710.02,147.179
138,44,120.351,98.8738
139,50,699.889,283.814
139,43,556.43,240.822
139,40,711.073,148.193
139,42,629.874,150.215
139,44,117.856,101.459
140,50,697.454,289.784
140,43,549.082,233.094
140,40,642.248,152.486
140,40,712.444,150.632
140,40,622.372,143.397
140,44,117.026,101.942
141,50,693.818,282.663
141,43,534.068,236.141
141,40,714.287,145.466
141,20,636.617,145.449
141,44,111.505,101.402
142,50,693.066,283.912
142,43,530.223,236.291
142,40,637.74,145.464
142,40,715.873,145.545
142,44,108.477,100.521
143,50,696.218,283.869
143,43,524.958,232.805
143,40,716.235,145.547
143,27,639.334,145.202
143,44,106.673,104.236
144,48,664.788,284.34
144,50,723.1,280.909
144,43,505.087,241.56
144,51,520.017,216.224
144,40,718.411,146.207
144,20,640.226,137.892
144,44,100.646,103.144
145,48,656.911,276.73
145,50,730.1,279.14
145,43,503.874,235.384
145,40,718.925,145.587
145,40,643.743,141.42
145,45,98.7461,102.473
146,48,648.835,282.369
146,50,738.5,273.979
146,43,503.812,226.221
146,40,719.17,143.536
146,27,645.938,142.596
146,44,96.006,105.024
147,53,400.624,257.405
147,48,636.71,278.966
147,50,750.973,276.989
147,43,485.189,221.606
147,40,719.672,144.331
147,40,648.022,142.463
147,44,92.5626,107.837
148,53,402.477,261.565
148,50,750.14,277.951
148,48,629.944,273.487
148,43,479.51,225.224
148,40,719.174,142.798
148,42,650.246,139.915
148,44,88.4648,105.126
149,53,448.654,261.617
149,50,757.002,287.27
149,48,624.259,277.169
149,53,403.299,248.08
149,43,474.663,226.537
149,40,666.352,158.326
149,40,640.648,145.157
149,40,719.806,143.286
149,44,85.5432,105.951
150,53,451.809,261.443
150,53,405.092,252.613
150,48,612.499,279.708
150,43,463.503,204.794
150,40,719.157,142.934
150,20,656.432,139.695
150,44,80.7421,110.961
151,53,451.338,258.868
151,53,404.025,256.743
151,48,604.685,275.599
151,43,455.003,197.438
151,40,666.97,143.039
151,40,718.871,148.26
151,40,647.133,140.345
151,44,77.7932,109.638
152,53,408.081,247.856
152,43,455.975,254.038
152,48,598.025,269.663
152,43,447.048,193.563
152,27,667.63,144.473
152,40,716.951,147.195
152,27,646.226,139.659
152,44,74.6606,107.711
153,53,450.742,264.111
153,53,412.883,262.193
153,48,586.117,274.37
153,40,712.568,151.769
153,20,660.124,137.553
153,44,71.1273,110.735
154,53,454.812,266.074
154,53,415.012,266.52
154,48,580.14,273.281
154,40,710.488,152.557
154,40,661.594,129.496
154,40,647.459,129.193
154,45,69.5239,112.483
155,43,458.321,266.9
155,53,415.851,263.205
155,48,573.755,267.529
155,40,709.974,151.97
155,27,664.55,140.617
155,27,648,118.667
155,44,64.9826,111.007
156,53,420.07,271.379
156,48,561.228,271.816
156,43,465.738,248.704
156,53,405.591,209.903
156,40,705.852,157.045
156,40,676.577,148.356
156,40,698.737,128.254
156,40,672,121.667
156,40,653.707,135.673
156,44,60.9425,113.888
157,53,417.807,266.606
157,48,555.12,274.068
157,43,468.446,250.926
157,53,402.576,211.41
157,40,699.651,146.188
157,40,677.449,143.495
157,42,655.481,136.117
157,44,58.9683,116.09
158,53,440.206,272.588
158,48,544.799,268.559
158,43,477.571,253.893
158,53,388.836,198.04
158,40,692.862,159.3
158,40,678.026,129.938
158,40,659.542,134.48
158,44,53.427,112.809
159,53,442.325,269.494
159,48,537.774,263.955
159,43,478.787,254.346
159,53,380.328,209.543
159,20,677.815,141.951
159,44,52.1189,114.395
160,53,438.5,269
160,48,532.513,266.589
160,43,480.775,256.806
160,53,375.65,205.318
160,40,686.492,146.707
160,40,662.481,133.808
160,44,50.6283,115.985
161,43,446.457,276.3
161,48,521.216,271.851
161,43,489.042,257.972
161,53,362.733,211.772
161,27,678.231,141.665
161,44,46.2041,116.392
162,43,508.788,275.933
162,43,467.866,256.944
162,53,358.124,213.488
162,20,678.397,142.246
162,44,42.7434,111.653
163,53,441.315,274.206
163,43,486.405,250.649
163,53,354.146,210.744
163,40,684.283,150.605
163,40,665.53,135.293
163,45,40.5215,109.667
164,43,481.17,265.968
164,53,349.118,208.043
164,27,680.409,141.027
164,44,35.6779,116.548
165,53,489.026,247.573
165,43,481.686,272.502
165,53,342.386,210.202
165,40,693.361,135.238
165,40,672.251,147.052
165,44,32.3297,116.6
166,43,493.191,301.248
166,43,467.352,265.265
166,43,507.424,252.88
166,53,331.668,212.283
166,40,678.804,143.674
166,44,29.8892,120.283
167,43,473.513,269.861
167,48,512.886,251.17
167,53,325.776,209.076
167,40,677.4,143.912
167,44,26.7194,121.329
168,53,482.482,282.096
168,43,463,260.667
168,43,456.682,264.098
168,48,519.599,257.809
168,53,319.592,207.41
168,20,658.283,159.857
168,20,688.417,131.353
168,44,25.3249,124.691
169,48,537.933,272.656
169,43,468.552,272.433
169,48,520.333,239
169,48,516,239.667
169,53,308.664,212.313
169,40,651.986,156.985
169,40,702.76,132.154
169,40,681.446,132.377
170,43,467.595,268.814
170,48,530.337,263.294
170,53,304.781,209.682
170,27,649.456,157.843
170,27,691.032,129.631
171,43,534.086,262.624
171,43,460.853,267.343
171,53,295.079,206.123
171,20,646.497,161.488
171,20,702.312,135.302
171,20,680.987,129.717
172,43,459.655,265.433
172,43,545.225,257.295
172,53,282.626,210.086
172,40,641.451,165.368
172,40,703.41,136.307
172,40,681.554,130.16
173,43,462.253,266.603
173,43,550.783,258.997
173,53,278.897,210.055
173,27,638.771,163.481
173,27,703.599,134.179
173,27,682.737,130.758
174,54,421.539,287.961
174,43,461.943,267.389
174,43,555,263.377
174,53,274.311,199.151
174,40,634.797,162.791
174,40,693.754,128.884
175,43,419.279,281.07
175,43,482.335,264.988
175,48,560.397,265.317
175,53,265.475,204.789
175,20,626.775,163.448
175,40,694.254,130.561
176,54,418.116,283.494
176,43,486.276,279.805
176,48,565.987,264.266
176,53,252.751,207.9
176,20,621.929,168.78
176,20,701.769,125.924
177,54,412.585,284.278
177,53,491.928,266.924
177,48,571.404,262.339
177,53,247.563,205.995
177,20,621.328,168.134
177,20,695.774,130.6
178,48,491.521,285.63
178,48,506.892,254.347
178,54,401.284,268.626
178,48,584.823,269.577
178,53,237.384,206.428
178,40,611.951,166.458
178,40,697.854,130.475
179,55,601.638,288.005
179,54,401.901,275.339
179,43,502.64,267.196
179,54,392.318,262.287
179,43,580.57,269.242
179,53,232.1,208.172
179,27,609.157,167.725
179,27,696.799,131.14
180,48,510.972,264.31
180,54,389.363,258.811
180,54,389.672,272.736
180,43,507.995,276.46
180,43,590.277,273.635
180,53,229.348,208.63
180,20,610.935,183.963
180,20,601.072,168.781
180,20,697.152,129.223
181,43,514.124,274.332
181,43,603.491,268.022
181,54,377.932,261.641
181,53,218.748,204.857
181,40,602.023,174.83
181,40,711.668,132.217
181,40,688.644,131.423
182,43,521.494,269.52
182,48,609.901,264.625
182,54,369.358,255.613
182,53,213.737,206.514
182,27,597.572,171.133
182,27,712.145,133.843
182,27,690.646,132.505
183,43,525.021,269.457
183,48,615.303,268.102
183,54,360.802,251.108
183,53,211.899,207.214
183,40,592.642,170.74
183,40,713.86,132.445
183,40,687.225,127.519
184,48,533.415,273.985
184,48,623.816,273.565
184,54,350.445,258.113
184,53,200.745,204.926
184,20,585.636,172.265
184,40,715.086,131.677
184,40,687.72,131.552
185,48,538.301,275.788
185,48,634.353,264.277
185,54,345.995,257.89
185,20,583.587,191.013
185,53,192.438,201.323
185,20,712.408,135.248
185,20,687.648,131.467
186,48,542.28,275.776
186,43,638.163,267.749
186,54,337.144,252.617
186,53,190.623,205.139
186,20,580.247,174.513
186,20,714.694,130.705
186,20,687.548,130.68
187,48,551.208,280.293
187,43,646.639,267.11
187,54,325.34,258.551
187,53,179.316,202.198
187,40,572.045,175.806
187,40,712.858,135.08
187,40,689.3,129.738
188,43,553.664,284.541
188,43,651.907,269.639
188,54,317.586,257.397
188,53,174.844,201.479
188,27,567.382,180.432
188,27,713.125,134.908
188,27,688.605,126.344
189,43,565.079,283.767
189,48,662.374,269.448
189,54,306.623,251.297
189,53,167.321,202.221
189,20,562.406,180.403
189,20,712.517,136.258
189,20,690.396,129.653
190,43,567.473,287.553
190,48,672.667,253.673
190,54,301.359,249.605
190,53,163.146,200.559
190,40,558.629,181.057
190,40,712.651,135.7
190,40,691.478,128.357
191,43,568.746,291.562
191,48,675.335,257.397
191,54,294.146,252.428
191,53,156.069,198.379
191,27,554.355,178.843
191,27,714.858,132.143
191,27,691.887,124.255
192,43,572.578,286.308
192,48,677.81,256.116
192,54,290.061,250.427
192,53,151.829,198.473
192,40,548.786,178.039
192,40,715.301,131.06
192,40,692.345,122.129
193,48,580.711,296.489
193,48,681.708,281.455
193,54,283.049,241.285
193,53,143.62,198.718
193,20,541.273,185.706
193,40,711.961,132.922
193,40,691.533,127.541
194,56,688.004,309.13
194,48,692.58,268.929
194,48,586.419,303.564
194,48,680.121,257.722
194,54,277.928,251.17
194,53,139.678,196.709
194,20,539.206,185.343
194,20,711.506,132.351
194,20,692.117,125.914
195,48,588.267,305.956
195,43,691.783,289.657
195,54,273.663,247.714
195,53,128.04,188.649
195,20,535.963,184.215
195,20,711.398,133.234
195,20,691.839,123.047
196,43,601.582,304.994
196,43,698.626,297.264
196,54,259.002,244.006
196,53,123.907,195.666
196,40,524.994,182.482
196,40,716.507,139.095
196,40,691.317,119.825
197,43,608.378,305.258
197,48,702.304,298.213
197,54,255.404,242.051
197,53,120.013,194.789
197,27,524.115,177.398
197,27,712.268,131.669
197,27,690.322,122.523
198,43,609.669,315.401
198,48,708.165,297.967
198,54,252.111,243.321
198,53,115.242,192.85
198,40,512.667,154.667
198,20,713.665,119.733
198,20,689.855,121.942
199,43,621.11,318.424
199,48,714.567,300.051
199,54,242.144,239.782
199,40,508.164,197.134
199,53,106.988,194.561
199,40,687.719,121.449
199,40,712.895,127.291
200,56,717.063,334.472
200,48,733,280.667
200,48,624.827,317.71
200,48,712.927,279.228
200,54,236.126,233.389
200,40,505.471,202.652
200,53,102.375,195.247
200,27,712.389,129.616
200,27,684.312,116.803
201,48,630.802,321.933
201,48,721.459,305.564
201,54,235.78,240.665
201,53,99.0724,194.306
201,40,499.927,182.923
201,40,711.219,127.927
201,40,690.196,122.641
201,40,680.52,120.453
202,43,641.083,332.659
202,48,728.503,308.657
202,54,227.481,238.087
202,53,91.3708,191.84
202,20,488.489,186.609
202,40,708.232,126.554
202,40,684.945,121.669
203,56,660.056,352.501
203,43,654.193,323.388
203,43,640.333,331.931
203,43,732.564,315.353
203,57,93.5034,208.528
203,54,221.811,236.976
203,53,75.7019,177.737
203,40,485.732,188.723
203,20,706.681,123.995
203,20,684.171,120.239
204,43,651.204,328.176
204,43,735.698,319.964
204,57,89.4819,214.09
204,54,216.779,233.774
204,53,76.005,175.657
204,40,483.875,192.278
204,20,704.501,127.497
204,20,682.018,125.134
205,56,650.667,356.667
205,56,645,356
205,43,662.544,349.161
205,43,744.407,322.926
205,54,210.897,232.6
205,27,474.537,194.298
205,53,77.0293,190.032
205,40,703.313,128.933
205,40,683.172,123.457
206,43,662.068,349.88
206,48,747.32,325.896
206,54,203.715,231.377
206,40,469.982,197.532
206,53,70.9705,191.644
206,27,703,128.058
206,27,681.443,125.942
207,43,665.765,349.465
207,48,749.871,327.762
207,54,201.562,230.39
207,40,468.24,200.019
207,53,68.7035,190.639
207,20,702.827,128.891
207,20,679.551,125.351
208,43,668.66,351.782
208,48,755.84,329.452
208,54,193.562,231.286
208,40,458.312,185.854
208,40,450.969,191.129
208,53,58.1511,186.706
208,40,702.182,126.271
208,40,672.193,116.095
209,48,669.069,357.801
209,48,754.275,322.683
209,54,188.665,225.963
209,53,67.0733,196.897
209,40,451.794,192.536
209,53,48.5682,182.285
209,27,702.226,127.116
209,27,675.663,127.797
210,48,671.467,360.349
210,58,758.647,305.548
210,40,445.455,210.957
210,54,179.382,223.132
210,40,452.087,194.848
210,53,52.4823,188.397
210,40,702.321,127.84
210,40,674.415,131.4
211,43,671.981,363.905
211,48,764.564,341.621
211,54,171.457,229.741
211,40,438.058,181.084
211,53,44.6345,186.145
211,40,675.086,138.862
211,40,702.925,126.145
212,43,665.956,366.369
212,54,166.749,225.819
212,53,38.9958,184.904
212,20,701.965,127.278
212,20,672.802,129.176
213,43,661.684,369.677
213,54,162.189,226.718
213,57,46.1693,196.17
213,53,31.3311,181.965
213,20,701.603,127.358
213,20,672.199,129.501
214,43,656.15,372.142
214,54,156.227,226.437
214,40,416.194,181.415
214,53,29.6751,184.106
214,40,698.344,127.127
214,40,671.579,132.802
215,43,650.571,370.877
215,54,147.293,227.703
215,40,409.948,195.57
215,53,26.1109,180.614
215,27,696.936,128.667
215,27,672.269,130.272
216,43,645.322,377.531
216,54,142.495,227.344
216,40,406.388,199.148
216,53,22.2483,183.113
216,20,697.777,126.435
216,20,672.11,131.867
217,43,633.765,371.689
217,54,140.366,227.338
217,40,401.452,186.264
217,53,22.1117,181.998
217,40,671.799,133.434
218,48,630.252,373.142
218,40,400.161,216.657
218,54,136.117,225.835
218,27,671.412,134.054
219,43,616.431,370.239
219,48,754.87,293.96
219,54,123.209,227.905
219,40,671.026,139.381
220,43,606.953,370.544
220,48,757.074,294.357
220,40,376.28,222.016
220,54,119.398,225.904
220,40,674.197,142.846
221,43,597.863,367.4
221,48,754.382,289.166
221,54,115.091,223.401
221,40,375.27,179.889
221,20,667.519,137.396
222,59,603.325,403.701
222,43,593.872,363.509
222,48,748.006,285.892
222,54,109.011,224.317
222,40,370.266,197.069
222,20,667.38,137.102
223,48,580.387,362.669
223,48,736.55,285.391
223,54,102.509,227.138
223,40,360.122,206.131
223,40,674.241,144.236
224,43,579.919,358.322
224,48,733.269,282.622
224,54,99.3434,226.517
224,40,354.604,209.766
224,27,672.914,146.804
225,43,564.716,356.252
225,48,726.552,279.256
225,54,94.0718,226.318
225,40,351.978,210.449
225,20,672.313,147.263
226,43,555.103,355.472
226,48,714.931,275.619
226,54,81.513,220.318
226,40,340.185,205.825
226,40,666.265,135.545
227,60,763.121,346.588
227,43,549.13,352.94
227,48,710.682,275.433
227,54,82.5585,224.706
227,40,333.762,207.99
227,27,667.268,147.062
228,61,761.954,358.368
228,48,543.502,349.399
228,48,705.944,272.894
228,54,78.23,223.398
228,40,327.247,211.416
228,40,670.441,145.953
229,61,756.623,362.568
229,48,535.454,342.039
229,48,701.187,268.615
229,54,72.1872,219.541
229,40,325.438,215.046
229,40,667.073,149.526
230,61,748.637,355.657
230,43,528.834,339.692
230,48,688.866,268.409
230,54,67.1994,221.189
230,40,314.994,208.406
230,20,664.488,148.153
231,61,746.124,355.564
231,43,525.564,337.869
231,48,686.345,266.892
231,54,62.8048,220.759
231,40,307.057,203.861
231,20,659.542,146.671
232,61,741.757,352.038
232,43,522.403,334.031
232,48,683.052,259.797
232,54,59.1915,218.084
232,40,302.568,206.36
232,27,683.165,164.127
232,27,671.365,161.14
232,40,655.11,144.57
233,61,728.054,339.512
233,43,510.06,331.559
233,48,670.076,252.459
233,54,57.9832,216.729
233,40,293.199,210.308
233,27,665.095,147.937
234,61,722.155,342.33
234,43,505.552,332.183
234,48,666.748,251.721
234,54,57.5049,216.528
234,40,289.989,208.71
234,20,663.83,150.889
235,61,717.321,344.623
235,43,499.498,327.369
235,48,660.917,259.208
235,54,55.8015,215.628
235,40,282.98,204.581
235,40,679.596,150.157
235,40,656.976,150.683
236,61,709.096,338.614
236,43,483.952,307.446
236,48,651.077,252.951
236,54,55.4853,214.064
236,40,273.761,209.341
236,27,662.201,152.174
237,61,702.382,333.074
237,43,479.936,317.071
237,48,645.306,251.95
237,54,55.5842,214.242
237,40,269.875,209.638
237,40,662.112,150.748
238,61,696.263,334.642
238,43,475.387,318.592
238,48,638.934,253.066
238,54,56.7933,215.075
238,40,267.063,207.688
238,40,661.261,150.018
239,61,688.21,338.606
239,43,472.029,317.148
239,48,635.775,251.511
239,54,55.5468,214.496
239,40,262.04,205.092
239,20,658.867,144.1
240,61,684.457,338.119
240,43,469.502,315.072
240,48,633.059,249.691
240,54,55.2199,213.733
240,40,256.361,200.834
240,20,658.747,149.141
241,61,681.542,337.117
241,43,463.286,311.629
241,48,625.43,244.363
241,54,55.3804,215.261
241,40,252.251,200.256
241,40,661.67,152.69
242,61,670.58,326.914
242,43,455.941,309.767
242,48,615.807,246.124
242,54,55.8517,214.685
242,40,245.992,203.428
242,27,655.812,146.405
243,62,659.032,357.106
243,61,675.667,305
243,48,666.5,303.986
243,43,452.659,306.512
243,48,612.035,245.42
243,54,56.0297,214.474
243,40,241.949,203.336
243,20,677.649,172.163
243,20,648.155,151.273
244,61,659.499,332.724
244,43,449.273,304.532
244,48,606.908,243.158
244,54,56.8233,215.165
244,40,238.925,202.476
244,40,646.581,152.465
245,61,655.377,327.9
245,43,445.265,299.489
245,48,600.067,239.312
245,54,56.8257,214.909
245,27,672.799,174.207
245,40,235.12,201.165
245,27,645.708,152.14
246,63,441.501,327.778
246,43,415.261,302.314
246,61,647.634,320.054
246,64,439.9,277.98
246,48,588.348,240.226
246,54,56.5711,215.056
246,40,228.814,201.981
246,40,656.663,156.275
247,63,440.826,329.782
247,43,413.523,302.28
247,61,642.298,315.998
247,48,585.198,239.765
247,54,56.6718,214.968
247,40,225.067,200.763
247,40,674.271,169.358
247,40,646.231,155.521
248,61,636.695,317.251
248,43,414.361,296.138
248,48,581.546,238.775
248,54,57.1032,214.711
248,40,223.741,199.654
248,20,658.552,153.613
249,61,628.882,320.287
249,43,419.856,272.894
249,43,407.253,297.825
249,48,575.404,234.785
249,54,56.403,214.763
249,40,218.838,197.662
249,20,659.409,152.7
250,61,625.646,319.523
250,43,408.734,293.068
250,65,215.705,210.807
250,48,570.877,233.59
250,54,56.7091,214.888
250,40,215.91,195.921
250,40,656.964,157.327
251,43,413.188,307.953
251,48,617.238,315.43
251,43,386.775,294.053
251,48,560.893,235.963
251,54,56.6875,215.269
251,40,211.339,197.94
251,27,654.309,156.266
252,61,609.677,311.524
252,43,394.599,287.619
252,48,557.13,233.563
252,54,56.274,214.595
252,40,209.067,197.862
252,20,655.546,158.53
253,61,603.088,308.045
253,43,387.961,278.89
253,48,550.371,229.773
253,54,55.4943,214.256
253,40,206.798,196.672
253,40,670.158,165.098
253,40,640.788,145.067
254,43,392.921,273.721
254,61,594.241,310.976
254,43,369.417,263.677
254,48,538.466,232.367
254,54,56.6371,215.272
254,40,197.805,194.689
254,27,653.272,160.168
255,61,592.06,310.062
255,43,379.401,275.8
255,48,535.341,231.766
255,54,55.9657,215.641
255,40,197.123,195.172
255,40,653.177,160.192
256,61,586.694,306.991
256,43,374.984,272.464
256,48,531.9,229.697
256,54,55.9973,214.22
256,40,195.883,196.016
256,40,647.38,153.252
257,61,579.764,302.976
257,66,533.34,247.986
257,43,372.043,270.848
257,48,521.281,223.932
257,54,55.8721,214.85
257,40,192.815,193.73
257,20,650.946,157.611
258,61,566.029,306.375
258,43,364.097,271.568
258,48,515.446,229.258
258,54,55.7387,214.932
258,40,183.845,188.723
258,20,646.845,162.671
259,61,563.256,307.015
259,43,360.979,270.41
259,48,512.411,229.584
259,54,56.6604,215.395
259,40,181.524,187.537
259,40,659.881,160.379
259,27,634.859,144.876
260,61,560.124,306.829
260,43,353.143,258.691
260,48,508.409,227.591
260,54,55.3899,214.619
260,40,179.955,187.102
260,27,645.471,162.729
261,61,548.533,303.611
261,43,345.074,260.732
261,48,496.175,225.328
261,54,54.8134,214.111
261,40,173.424,188.586
261,20,642.017,163.778
262,61,542.093,298.799
262,43,340.655,260.44
262,48,496.732,227.121
262,48,485.574,221.482
262,54,53.9001,214.021
262,40,171.875,188.545
262,40,638.712,159.831
263,61,531.652,302.259
263,43,333.696,254.223
263,54,53.7975,213.538
263,48,481.016,211.594
263,40,165.696,183.633
263,27,638.615,165.118
264,61,529.138,302.569
264,43,329.875,253.148
264,54,53.8362,213.414
264,48,477.668,211.325
264,40,163.686,186.902
264,40,647.32,160.065
264,40,621.899,160.119
265,61,525.736,301.95
265,43,324.086,256.037
265,54,53.9357,213.272
265,48,472.866,209.092
265,40,656.701,184.115
265,40,161.712,186.047
265,40,631.207,153.781
266,61,518.328,299.849
266,43,322.451,254.005
266,54,54.769,214.058
266,48,469.197,212.877
266,40,158.819,183.834
266,20,641.195,171.364
266,20,618.309,149.88
267,61,505.064,298.062
267,43,310.121,247.355
267,54,52.1543,215.143
267,48,460.837,207.321
267,20,653.72,187.529
267,40,150.753,176.517
267,20,628.271,164.143
268,61,498.429,300.089
268,43,309.158,244.379
268,54,51.0552,214.459
268,48,453.96,197.867
268,40,648.374,188.324
268,40,148.298,178.415
268,40,626.171,158.882
269,61,495.381,299.616
269,43,305.727,247.966
269,54,49.2288,214.096
269,48,450.112,194.875
269,40,146.867,182.836
269,27,630.372,167.817
270,61,486.125,297.547
270,43,300.967,245.372
270,54,51.047,215.223
270,48,441.046,188.941
270,40,143.259,183.368
270,20,628.874,167.862
271,61,478.949,293.962
271,43,298.855,242.429
271,54,51.3262,216.338
271,40,143.28,186.345
271,40,626.299,168.938
272,61,473.426,291.402
272,43,297.016,242.505
272,54,48.7962,216.534
272,40,138.89,182.154
272,27,629.339,169.307
273,61,470.126,294.694
273,43,293.617,245.342
273,54,48.2268,217.088
273,40,135.614,180.428
273,40,625.925,173.132
274,61,465.051,294.583
274,43,289.725,238.888
274,54,44.8201,215.869
274,48,415.492,190.947
274,40,133.847,182.32
274,40,632.071,164.627
274,40,604.141,173.187
275,61,460.522,294.837
275,43,288.944,235.29
275,54,41.8227,215.575
275,48,410.134,189.385
275,20,617.902,177.904
275,40,132.112,181.065
275,20,643.383,174.84
276,61,451.417,291.271
276,43,287.756,234.566
276,54,36.8238,216.374
276,20,649.565,192.627
276,48,401.776,183.523
276,40,129.752,183.869
276,20,619.871,161.208
277,67,291.717,265.6
277,61,449.204,290.438
277,43,282.215,225.159
277,54,35.4685,217.333
277,40,127.403,185.879
277,40,625.051,178.511
278,61,447.043,290.373
278,43,283.392,232.523
278,54,31.8437,217.586
278,40,649.871,191.749
278,40,128.441,186.2
278,27,617.319,170.537
279,61,420.279,295.712
279,61,443.849,293.723
279,43,283.578,229.599
279,54,25.3672,215.665
279,48,379.187,181.962
279,40,127.653,187.243
279,20,624.405,178.462
280,61,441.155,297.555
280,61,417.196,292.314
280,43,281.11,229.352
280,54,20.2312,213.987
280,48,373.964,198.955
280,40,134.52,191.516
280,40,121.31,183.845
280,40,610.634,177.871
280,40,636.775,160.668
281,61,417.48,286.719
281,43,281.068,228.777
281,48,368.735,203.308
281,40,129.204,187.645
281,27,624.828,178.61
282,61,414.71,286.816
282,43,279.06,228.378
282,48,365.767,203.28
282,40,130.022,187.37
282,40,625.079,179.562
283,61,410.313,285.715
283,43,273.57,224.233
283,48,356.92,203.423
283,40,135.643,191.366
283,40,623.117,181.401
284,61,409.144,284.594
284,43,271.887,222.774
284,48,351.1,204.059
284,40,136.553,192.735
284,20,626.57,176.78
285,61,404.359,283.575
285,20,638.029,208.639
285,43,273.273,222.491
285,48,347.656,205.627
285,20,608.344,178.831
285,40,139.494,192.621
285,20,632.543,167.99
286,61,396.831,286.281
286,43,271.545,221.832
286,48,338.982,201.893
286,40,145.791,191.797
286,40,622.342,185.106
287,61,392.915,286.764
287,43,272.5,219.201
287,48,334.451,200.765
287,40,150.72,198.67
287,27,622.344,184.122
288,61,389.117,285.711
288,43,272.688,216.857
288,48,331.443,203.546
288,40,149.978,194.093
288,20,617.201,180.292
289,61,393.365,290.337
289,61,372.909,260.123
289,43,272.103,216.695
289,43,321.549,201.857
289,40,156.249,194.251
289,40,631.981,183.943
289,40,599.851,180.397
290,61,373.041,270.564
290,43,272.872,216.731
290,43,318.546,200.381
290,40,157.003,196.317
290,27,619.513,188.004
291,61,371.472,271.562
291,43,274.599,215.14
291,43,313.085,200.824
291,40,617.404,189.28
291,40,160.634,198.177
292,61,366.809,271.213
292,43,291.467,205.188
292,40,166.489,200.698
292,40,616.063,189.223
293,61,364.805,270.239
293,43,291.905,199.44
293,40,169.931,200.351
293,20,615.092,190.389
294,61,361.583,267.122
294,43,290.129,205.743
294,40,173.32,199.677
294,40,614.37,192.148
295,61,354.523,265.11
295,40,180.956,202.45
295,43,285.124,205.823
295,40,629.172,189.843
295,40,600.322,197.698
296,61,351.179,267.128
296,40,183.364,203.419
296,43,288.714,207.435
296,27,621.738,201.723
296,27,597.984,178.418
297,61,347.436,266.254
297,40,185.949,204.209
297,20,623.178,176.137
297,43,281.381,199.523
297,20,595.248,192.544
298,61,346.173,266.604
298,40,635.698,212.379
298,40,189.988,201.456
298,40,605.684,192.631
298,43,287.302,201.307
299,61,342.151,263.023
299,40,637.011,213.766
299,40,193.856,207.996
299,27,603.146,187.657
299,43,287.082,201.099
300,68,228.544,225.488
300,40,198.683,208.513
300,69,318.303,231.741
300,43,261.53,203.686
300,40,615.447,194.172
301,40,612.871,198.824
301,69,319.491,233.171
301,70,222.093,198.25
302,40,643.994,216.662
302,40,200.064,214.872
302,20,608.411,199.27
302,69,319.093,230.62
302,43,235.11,192.241
303,40,631.248,205.382
303,40,592.084,199.839
303,40,225.318,201.124
303,69,322.93,233.289
304,40,642.36,219.048
304,40,624.208,190.952
304,40,592.421,192.657
304,40,228.752,205.397
304,69,323.351,232.955
305,27,613.4,206.238
305,40,228.264,209.487
305,69,322.45,231.392
306,61,307.109,257.019
306,20,614.232,206.922
306,40,226.498,207.884
306,71,341.584,198.31
307,61,304.101,255.815
307,40,613.382,208.808
307,40,227.001,205.618
307,71,343.766,197.033
308,61,302.101,255.257
308,27,610.708,202.062
308,40,226.513,206.255
308,71,347.786,193.814
309,61,299.109,254.429
309,40,614.618,209.01
309,43,228.225,206.449
309,71,354.91,192.342
310,61,288.896,250.719
310,40,611.093,207.487
310,70,226.915,203.77
310,71,366.745,193.696
311,61,296.986,247.584
311,72,278.158,219.766
311,40,256.542,210.58
311,20,615.754,213.905
311,40,209.015,211.007
311,71,369.487,196.209
312,61,285.993,252.598
312,40,613.706,214.299
312,40,204.252,209.187
312,40,263.186,200.195
312,71,380.398,189.399
313,40,632.989,227.9
313,40,606.764,208.956
313,40,201.229,209.121
313,69,278.561,235.558
313,71,388.234,183.347
314,40,641.072,213.247
314,61,279.712,243.813
314,27,625.218,207.235
314,20,598.422,210.106
314,40,199.85,209.288
314,72,271.726,179.159
314,71,394.243,190.981
315,20,618.019,217.803
315,40,199.937,210.972
315,61,278.404,238.375
315,71,397.35,187.111
316,40,627.582,234.135
316,40,600.564,209.679
316,40,200.485,212.309
316,61,282.881,233.256
316,71,406.235,163.749
317,27,632.08,231.347
317,27,608.892,205.856
317,40,201.858,211.564
317,61,284.908,232.288
317,71,414.747,183.399
318,61,279.513,248.026
318,40,259.667,215
318,40,646.333,228.333
318,61,310.712,223.871
318,40,630.295,207.89
318,40,603.595,223.717
318,40,202.687,214.244
318,72,287.234,198.323
319,40,621.007,225.868
319,40,207.362,215.419
319,61,285.034,229.895
320,61,265.179,243.65
320,20,623.007,228.349
320,40,210.247,217.466
320,61,311.013,214.201
320,71,436.758,174.893
321,73,284.245,270.67
321,61,264.408,247.535
321,40,623.612,229.36
321,61,317.222,215.686
321,40,216.975,217.191
321,71,440.355,176.674
322,74,636.787,268.129
322,61,270.081,253.844
322,40,621.026,218.571
322,40,220.507,219.835
322,69,321.451,217.898
322,71,444.871,183.869
323,72,266.333,226.333
323,61,271.935,249.107
323,20,622.606,226.376
323,40,223.998,220.037
323,61,324.102,222.795
323,71,451.218,187.7
324,61,278.587,243.825
324,20,629.008,231.887
324,40,231.053,221.935
324,61,333.309,220.336
324,71,456.969,189.478
325,61,275.063,235.522
325,40,643.274,242.204
325,61,339.838,219.653
325,40,610.929,232.607
325,40,233.736,220.226
325,61,336.65,212.293
325,71,461.171,184.815
326,61,285.282,260.049
326,40,273.226,221.41
326,27,632.319,236.309
326,40,238.729,218.641
326,61,342.476,220.242
326,71,466.3,176.584
327,61,293.549,259.285
327,40,279.066,224.681
327,40,657.304,248.925
327,40,619.359,235.026
327,61,349.15,224.883
327,40,248.666,218.348
327,71,474.01,185.814
328,40,631.685,232.619
328,61,352.041,223.472
328,61,272.157,234.324
328,71,476.625,187.618
329,61,291.816,250.974
329,20,635.671,240.931
329,61,357.925,219.383
329,61,254.38,220.721
329,71,480.228,183.783
330,61,301.453,248.744
330,40,640.486,243.025
330,61,267.715,214.705
330,69,367.933,214.702
330,71,486.449,182.228
331,40,639.797,240.856
331,69,370.896,215.713
331,69,291.623,234.311
331,71,490.054,185.237
332,72,303.024,274.286
332,61,314.509,251.214
332,72,314.51,221.354
332,20,642.694,243.507
332,61,371.992,217.663
332,72,280.828,211.29
332,71,491.875,186.418
333,61,312.481,240.723
333,20,645.66,244.662
333,61,300.663,237.039
333,71,495.528,185.612
334,40,650.161,245.695
334,61,303.57,235.877
334,71,496.572,183.378
335,69,404.333,245.333
335,27,649.909,247.873
335,71,498.761,201.77
335,61,315.896,245.597
335,61,287.824,210.662
336,69,412,237.667
336,40,653.809,251.755
336,61,317.085,242.091
336,71,496.245,189.917
337,40,658.079,252.086
337,61,320.796,241.175
337,71,495.74,191.014
338,61,305.333,260.667
338,72,324.255,234.29
338,61,340.675,262.688
338,20,655.713,259.077
338,40,674.411,237.788
338,61,314.655,199.718
338,69,414.424,191.861
338,71,492.766,187.365
339,40,661.254,256.175
339,61,332.544,240.165
339,71,489.677,197.08
340,40,663.04,259.054
340,69,336.808,244.509
340,71,493.663,192.178
340,71,485.351,196.587
341,20,665.836,259.428
341,61,339.337,245.432
341,71,486.436,196.838
342,69,439.312,232.152
342,20,670.476,261.315
342,61,350.931,248.425
342,71,479.702,197.045
343,40,688.411,239.38
343,40,655.263,258.908
343,71,446.432,223.921
343,61,356.031,251.509
343,71,476.38,205.224
344,27,674.998,263.545
344,61,359.64,253.326
344,71,462.463,220.622
345,40,681.691,262.239
345,61,367.127,255.464
345,71,461.232,228.979
346,40,695.311,272.254
346,40,664.534,255.362
346,61,373.047,256.064
346,71,461.675,226.42
347,20,684.557,267.103
347,61,376.325,255.943
347,71,463.304,221.157
348,40,689.617,260.764
348,61,380.112,254.815
348,71,466.907,221.343
349,69,480.976,254.158
349,40,691.884,257.266
349,71,474.826,214.705
349,69,383.434,257.474
349,71,450.273,208.201
350,75,700.407,305.135
350,76,390.607,280.487
350,20,692.687,251.567
350,71,485.188,239.013
350,69,440.106,187.339
351,76,399.817,283.053
351,20,696.49,273.137
351,71,490.023,245.216
352,71,402.374,266.831
352,40,699.384,277.102
352,71,494.967,243.683
353,76,409.423,291.324
353,27,707.054,271.236
353,71,507.585,241.717
353,69,412.148,191.081
354,76,409.952,287.987
354,40,706.399,277.978
354,71,514.366,245.846
355,76,413.035,294.434
355,40,711.275,278.082
355,71,516.844,248.206
356,76,415.4,293.62
356,20,712.421,279.192
356,71,519.755,246.246
356,69,410.6,192.255
357,77,422.048,274.957
357,76,441.512,292.48
357,20,709.749,249.09
357,40,699.711,279.686
357,40,732.599,286.13
357,71,532.819,240.408
358,76,443.21,295.859
358,20,714.667,253
358,40,695.93,279.314
358,40,727.974,295.231
358,71,538.519,243.574
359,76,445.511,297.565
359,20,722.871,288.332
359,71,542.084,246.801
360,20,725.89,306.774
360,40,702.512,277.962
360,20,737.452,255.728
360,71,546.113,250.202
360,78,447.867,269.651
361,40,718.403,301.632
361,71,449.44,296.721
361,40,742.415,261.496
361,71,548.763,250.903
361,71,451.412,204.422
362,27,731.429,290.247
362,71,557.939,248.846
362,78,460.773,280.82
362,69,373.389,189.725
363,79,743.026,343.522
363,40,726.275,286.37
363,71,563.708,249.591
363,78,463.755,278.71
363,69,371.885,199.501
364,80,480.486,341.323
364,40,729.149,282.979
364,71,571.26,252.765
364,78,465.829,269.592
364,69,370.733,203.099
365,20,730.408,312.48
365,20,753.829,275.295
365,71,576.784,255.204
365,78,475.422,269.217
365,69,364.166,209.656
366,20,765.357,272.667
366,40,735.441,309.061
366,71,581.153,252.989
366,69,368.296,197.895
366,78,481.837,276.031
366,69,353.3,201.136
367,20,754.962,295.433
367,40,722.261,305.056
367,20,748.812,259.104
367,71,587.702,252.348
367,69,355.763,211.055
367,78,484.925,275.606
368,20,741.08,309.705
368,71,595.687,249.599
368,69,352.007,212.019
368,78,488.89,275.166
369,79,744.135,352.037
369,81,512.444,285.224
369,20,741.192,295.121
369,71,605.032,255.815
369,69,345.425,211.638
369,78,495.865,274.123
370,40,736.071,299.788
370,82,506.377,314.003
370,71,493.314,240.333
370,71,607.484,259.448
370,83,508.82,215.563
370,71,490.998,193.183
370,69,340.463,209.794
371,40,739.133,307.406
371,78,512.258,300.84
371,71,610.242,259.698
371,71,498.15,208.517
371,69,336.585,208.668
372,20,753.667,307.667
372,20,751.694,289.762
372,82,522.783,317.236
372,71,615.165,258.409
372,83,506.481,217.26
372,69,334.873,212.336
373,20,756.157,293.112
373,82,528.412,318.03
373,71,622.805,254.84
373,83,509.811,218.946
373,69,336.161,217.246
374,20,757.558,344.157
374,20,755.538,296
374,82,534.595,317.395
374,71,635.461,261.968
374,83,515.877,215.55
374,69,328.036,212.65
375,79,756.998,346.302
375,82,540.274,315.921
375,71,636.509,263.495
375,83,519.69,212.784
375,69,324.382,213.78
376,82,545.212,317.638
376,71,639.971,264.451
376,69,319.95,214.764
376,83,522.754,207.899
377,82,555.056,324.38
377,71,653.661,257.342
377,69,312.555,217.054
377,83,531.695,209.624
378,82,558.114,325.686
378,71,661.936,256.951
378,69,310.897,218.071
378,83,533.546,207.672
379,82,563.179,325.613
379,71,664.937,261.123
379,69,304.422,217.8
379,83,537.041,204.082
380,82,567.245,328.122
380,84,294.667,244.333
380,71,668.725,268.491
380,85,304.109,193.871
380,69,292.285,189.036
380,71,542.473,201.79
381,82,582.947,334.74
381,71,675.076,269.613
381,69,293.222,222.09
381,83,553.429,206.389
381,83,543,188.667
382,82,586.144,336.392
382,71,681.569,269.954
382,69,291.619,221.217
382,83,551.734,201.097
383,82,589.146,336.282
383,71,686.717,268.533
383,69,288.248,221.578
383,83,555.515,199.821
384,82,600.556,332.969
384,71,698.514,277.707
384,69,277.412,226.608
384,83,561.119,198.979
385,82,607.282,335.07
385,71,700.838,277.752
385,69,279.853,233.1
385,69,269.156,215.873
385,83,564.81,197.917
386,82,612.771,340.266
386,71,703.401,275.618
386,69,276.39,226.027
386,83,565.814,196.669
387,82,622.3,341.419
387,71,716.407,272.123
387,69,272.053,227.236
387,83,572.2,184.264
388,82,627.544,342.879
388,71,723.382,272.675
388,69,269.761,228.86
388,83,575.015,191.203
389,86,635.953,369.218
389,82,625.173,323.193
389,71,727.734,276.808
389,69,267.581,227.748
389,71,578.101,192.666
390,82,645.377,352.452
390,71,733.769,283.539
390,69,268.91,233.622
390,83,583.046,189.872
391,82,667.705,370.412
391,82,638.579,338.299
391,71,737.821,282.805
391,69,270.682,244.745
391,87,260.333,203
391,83,584.431,188.473
392,86,665.981,374.494
392,82,646.324,333.728
392,71,744.077,280.715
392,69,270.165,232.057
392,83,586.752,186.615
393,82,667.257,360.344
393,82,654.265,338.778
393,71,750.293,262.42
393,69,276.146,244.962
393,69,263.292,217.246
393,83,589.677,184.908
394,86,679.044,369.885
394,86,677,331.667
394,82,660.798,354.019
394,71,755.19,285.974
394,69,272.956,240.04
394,83,590.891,183.184
395,82,677.025,358.953
395,71,755.338,291.22
395,69,281.865,234.15
395,87,265.326,221.287
395,83,593.792,173.805
396,88,759.111,319.798
396,82,682.065,360.952
396,89,763,263.333
396,69,278.929,246.222
396,83,598.496,181.85
397,82,687.033,360.715
397,69,280.58,247.56
397,83,599.456,180.093
398,82,693.017,362.53
398,69,282.991,248.241
398,71,599.699,177.774
399,82,700.633,365.701
399,69,283.64,246.937
399,83,600.431,175.591
400,82,708.026,369.434
400,69,284.45,246.551
400,83,601.208,176.247
401,82,712.306,371.11
401,69,287.581,247.018
401,83,601.638,175.267
402,82,715.275,371.567
402,69,290.234,247.878
402,83,603.085,175.067
403,86,721.53,368.359
403,69,293.458,249.343
403,83,602.881,174.551
404,82,728.549,368.075
404,69,295.18,249.686
404,83,602.577,174.478
405,69,307.514,251.765
405,83,586.857,160.451
406,69,307.722,255.304
406,83,586.468,169.899
407,69,306.909,248.857
407,71,586.104,171.461
408,69,306.913,251.367
408,83,585.844,170.653
409,69,314.273,267.047
409,69,302.94,248.418
409,83,587.983,173.791
410,69,308.878,254.142
410,83,586.953,173.336
411,69,308.541,253.299
411,83,585.496,176.556
412,69,306.347,248.904
412,83,584.546,176.796
413,69,308.364,253.258
413,83,583.451,177.803
414,69,307.849,251.95
414,83,582.455,178.813
415,69,308.058,251.075
415,83,578.634,179.546
416,69,307.96,250.062
416,71,575.864,178.506
417,90,307.865,249.342
417,83,574.484,179.051
418,69,306.636,249.372
418,83,571.028,180.504
419,69,306.396,249.097
419,83,569.89,181.646
420,91,762.016,327.898
420,69,306.218,249.988
420,83,566.649,181.42
421,92,760.495,342.736
421,69,307.846,249.455
421,83,563.339,182.386
422,92,756.767,344.929
422,69,309.236,251.454
422,83,560.39,183.418
423,92,756.412,338.147
423,69,308.863,251.347
423,83,557.033,185.813
424,92,747.039,331.393
424,69,308.502,253.419
424,83,552.312,185.722
425,92,738.446,335.773
425,69,308.635,253.684
425,71,551.151,186.043
426,92,734.048,338.26
426,90,309.09,255.779
426,83,547.996,186.6
427,92,729.996,335.115
427,69,308.859,255.548
427,83,545.772,188.391
428,92,724.854,332.107
428,69,308.557,255.774
428,83,544.024,189.356
429,92,714.563,323.782
429,69,309.035,253.175
429,83,544.795,191.912
430,92,705.543,326.989
430,69,309.184,252.313
430,83,538.843,189.484
431,92,703.465,327.953
431,69,307.838,253.368
431,83,536.433,192.185
432,92,699.204,323.839
432,69,307.354,254.419
432,83,534.113,193.124
433,92,686.082,320.829
433,69,308.424,254.234
433,83,530.044,196.008
434,92,678.538,324.711
434,69,308.733,255.027
434,71,528.208,193.404
435,92,675.829,324.712
435,90,309.197,253.463
435,83,529.583,201.14
435,83,521,188.667
436,92,671.445,321.135
436,69,309.513,254.705
436,83,524.191,195.763
437,92,658.526,311.418
437,69,308.801,253.568
437,83,521.01,202.662
438,92,652.08,314.579
438,69,309.542,253.255
438,83,518.782,204.147
439,92,646.443,316.405
439,69,310.286,254.485
439,83,515.074,211.434
440,92,642.547,313.776
440,69,309.661,253.725
440,83,512.266,211.228
441,92,630.416,306.277
441,69,309.963,254.688
441,83,507.296,211.429
442,92,623.633,310.005
442,69,310.495,253.853
442,83,507.991,212.935
443,92,618.062,311.953
443,69,309.826,252.392
443,71,506.475,217.762
444,92,610.134,305.36
444,90,311.237,259.043
444,83,503.417,213.377
445,92,603.045,300.086
445,69,312.294,250.948
445,83,503.92,219.48
446,92,599.124,297.172
446,69,311.643,252.335
446,83,501.787,216.865
447,92,594.889,299.784
447,69,317.971,273.314
447,69,309.967,240.697
447,83,501.41,221.248
448,92,592.206,299.764
448,69,315.466,252.145
448,83,501.185,222.709
449,92,589.396,297.107
449,69,316.384,252.82
449,83,499.963,222.811
450,92,580.059,291.014
450,69,320.114,246.397
450,83,500.193,223.118
451,92,574.898,293.419
451,69,322.03,252.587
451,83,500.588,228.633
452,92,571.514,293.779
452,69,325.033,255.113
452,71,503.386,231.517
453,92,568.619,292.191
453,90,330.73,256.595
453,83,503.606,231.365
454,92,560.384,284.668
454,69,332.809,252.505
454,83,502.293,228.512
455,92,556.288,282.524
455,69,336.253,248.982
455,83,505.519,236.667
456,92,552.774,284.417
456,69,339.358,252.707
456,83,505.892,238.936
457,92,546.183,282.049
457,69,346.422,256.912
457,83,510.027,240.034
458,69,349.818,255.454
458,92,527.073,258.774
459,92,537.28,277.915
459,69,353.237,254.875
459,83,512.913,238.329
460,93,760.63,444.258
460,69,356.924,257.271
460,92,524.532,264.715
461,93,754.269,440.291
461,94,758.667,375
461,69,367.69,264.336
461,92,526.146,267.433
462,95,746.563,404.345
462,90,368.856,263.365
462,92,525.803,266.219
463,95,748.061,399.765
463,69,378.102,263.749
463,92,524.826,265.134
464,95,744.917,395.206
464,69,381.336,266.437
464,92,521.76,266.261
465,95,736.996,390.42
465,96,382.606,254.26
465,69,387.005,268.821
465,92,521.181,265.135
466,95,726.09,388.413
466,96,400.047,243.513
466,69,397.522,271.311
466,92,500.282,271.715
466,92,540.457,261.049
467,95,722.078,387.853
467,69,399.397,268.564
467,92,517.812,264.685
468,95,714.723,382.508
468,69,405.928,273.602
468,92,515.797,264.672
469,95,702.736,371.02
469,69,410.516,281.548
469,92,549.504,268.363
469,92,477.705,270.664
470,95,693.676,373.968
470,69,413.576,282.165
470,92,551.304,272.169
470,92,472.868,264.207
471,95,689.2,374.273
471,90,417.165,286.312
471,92,553.982,274.538
471,92,462.468,270.143
472,95,684.529,373.28
472,69,419.687,289.482
472,92,557.548,274.143
472,92,460.313,271.43
473,95,670.897,362.436
473,92,563.652,279.784
473,92,455.819,272.27
474,95,666.497,361.005
474,92,566.038,282.94
474,92,453.213,272.06
475,95,661.629,361.283
475,92,569.042,282.765
475,92,450.709,272.286
476,95,657.953,358.957
476,92,571.767,282.406
476,69,451.883,277.68
477,95,652.497,356.34
477,92,575.744,283.9
477,69,452.33,281.697
478,95,640.354,345.819
478,92,580.938,292.162
478,69,458.549,283.98
479,95,636.212,343.799
479,90,438.448,281.13
479,92,468.952,298.689
479,92,583.737,295.412
479,69,457.953,273.956
480,95,632.895,343.536
480,90,422.19,272.431
480,92,586.831,295.79
480,92,472.755,290.188
481,95,611.071,320.527
481,69,416.895,269.567
481,92,482.54,293.489
482,95,609.125,321.904
482,92,484.686,294.327
482,69,413.082,257.094
483,95,608.13,322.387
483,92,489.027,298.112
483,69,409.809,252.851
484,95,605.531,327.807
484,92,497.372,304.188
484,90,400.038,247.259
485,97,624.917,362.948
485,92,610.433,294.53
485,69,502.487,307.427
485,90,395.619,243.628
486,95,602.758,322.572
486,92,509.255,308.897
486,90,394.825,231.217
487,95,601.063,321.868
487,92,511.605,308.679
487,98,399.859,259.284
488,99,592.4,311.823
488,69,525.194,306.47
488,90,381.526,223.086
489,100,524.157,355.795
489,99,575.968,308.422
489,90,379.62,223.604
490,99,577.899,311.281
490,69,375.686,238.001
491,99,579.268,310.632
491,69,371.7,234.009
492,99,581.554,310.829
492,69,366.837,230.636
493,99,581.757,311.452
493,90,362.949,231.304
494,99,585.304,316.316
494,90,357.676,236.946
495,99,586.884,315.678
495,90,354.854,235.971
496,99,586.924,318.608
496,69,349.328,233.142
497,99,589.607,318.503
497,69,339.49,228.76
498,99,591.777,320.211
498,69,335.723,233.223
499,101,603.672,382.835
499,99,590.727,321.41
499,69,329.714,233.492
500,99,592.473,324.71
500,69,324.409,229.124
501,99,592.494,326.51
501,69,319.299,227.872
502,102,756.31,330.011
502,103,762.667,284.667
502,99,593.197,326.305
502,90,316.139,229.767
503,104,612.948,341.921
503,105,757.665,310.723
503,106,570.219,286.281
503,90,310.857,233.237
504,107,742.103,522.922
504,105,754.037,298.379
504,99,600.07,323.426
504,69,303.908,231.291
505,107,742.408,491.325
505,101,592.786,399.67
505,104,620,348.877
505,103,753.263,262.335
505,106,570.799,285.317
505,69,300.616,228.093
506,107,733.431,493.139
506,99,619.401,354.612
506,105,751.111,292.539
506,106,568.779,288.928
506,69,294.803,224.166
507,107,727.157,476.959
507,99,626.332,354.826
507,105,743.004,287.363
507,106,565.376,287.539
507,69,289.855,228.501
508,107,724.022,506.298
508,99,630.255,355.319
508,105,738.945,285.632
508,106,563.009,283.515
508,69,287.086,228.641
509,107,705.532,515.957
509,99,635.678,356.21
509,105,735.456,287.099
509,106,560.877,281.521
509,69,285.121,228.318
510,108,680.149,538.71
510,107,686.17,507.526
510,99,641.37,352.722
510,105,729.879,285.431
510,106,554.146,276.83
510,69,277.015,223.112
511,108,662.84,532.342
511,109,640.091,493.18
511,110,677.827,366.435
511,111,683.627,356.49
511,112,681.96,330.847
511,113,660.456,396.067
511,105,725.047,282.936
511,106,551.729,276.008
511,90,274.38,227.617
512,113,651.696,426.503
512,105,720.132,279.616
512,106,546.973,278.302
512,90,270.709,228.662
513,109,631.667,505.333
513,109,615.427,507.393
513,109,685.333,490.333
513,101,641.904,417.109
513,104,642.248,329.469
513,114,707.071,337.805
513,106,544.785,280.26
513,69,268.274,227.453
514,107,638.241,514.19
514,104,627.528,327.312
514,114,692.692,345.233
514,106,540.848,276.815
514,69,265.169,227.38
515,107,617.493,514.157
515,99,627.781,327.381
515,115,717.137,333.464
515,114,688.44,330.167
515,106,532.532,270.411
515,69,257.024,220.376
516,116,563.516,546.345
516,109,612.888,499.877
516,117,691.992,427.606
516,104,627.685,327.841
516,114,706.988,343.481
516,106,528.615,272.027
516,69,256.061,222.533
517,109,585.783,496.031
517,118,719.276,391.805
517,104,629.28,327.871
517,105,693.203,269.111
517,106,522.56,270.448
517,69,250.503,222.409
518,119,561.85,541.471
518,107,568.535,502.262
518,118,725.731,391.423
518,104,630.013,327.639
518,105,688.597,269.923
518,106,520.151,267.986
518,69,249.698,221.79
519,119,556.105,550.411
519,109,559.102,508.866
519,118,737.381,390.528
519,104,631.129,328.237
519,105,687.665,270.885
519,106,516.492,263.636
519,69,245.458,218.033
520,120,495.467,545.937
520,121,536.486,520.972
520,109,540.279,489.765
520,122,763.569,404.12
520,123,743.855,373.938
520,104,634.153,327.34
520,105,680.62,266.725
520,106,508.717,258.716
520,90,239.672,221.366
521,109,516.368,501.657
521,118,749.141,407.114
521,104,636.506,325.376
521,105,675.089,264.473
521,106,505.193,257.591
521,90,237.764,221.993
522,109,480.595,495.899
522,109,534.594,483.887
522,118,750.192,398.548
522,104,637.727,324.916
522,105,674.028,264.839
522,106,502.122,260.028
522,69,235.97,221.758
523,109,523.833,470.621
523,109,478.453,470.262
523,118,754.735,410.436
523,124,657.129,297.284
523,106,499.779,259.898
523,69,233.047,220.72
524,125,431.139,521.741
524,122,758.408,440.509
524,109,507.959,495.665
524,109,464.412,449.332
524,114,653.483,297.098
524,106,493.302,253.953
524,69,225.501,214.827
525,120,500.936,538.984
525,125,418.929,537.222
525,109,462.211,462.471
525,124,650.934,295.027
525,106,490.353,253.609
525,69,223.749,216.349
526,109,450.7,482.982
526,124,648.295,291.994
526,106,487.69,253.86
526,69,220.476,217.861
527,125,443,563
527,109,439.301,491.541
527,124,645.998,288.016
527,106,485.901,253.102
527,69,218.629,215.658
528,109,420.022,495.838
528,124,645.477,287.483
528,106,482.737,248.612
528,69,212.483,212.029
529,109,409.774,486.306
529,104,644.439,331.468
529,105,644.553,231.035
529,106,479.275,245.517
529,90,209.996,213.218
530,109,400.404,490.798
530,124,643.631,287.743
530,106,476.173,240.774
530,90,207.284,211.989
531,125,388.69,545.452
531,125,400.238,541.512
531,126,345.631,540.349
531,109,378.415,454.871
531,124,640.978,286.261
531,106,472.555,242.249
531,69,203.221,213.519
532,109,364.977,482.676
532,106,472.063,243.193
532,124,640.583,285.329
532,69,200.171,212.963
533,109,357.314,482.503
533,114,641.039,284.568
533,106,470.012,240.003
533,69,196.573,210.347
534,109,352.452,478.547
534,124,640.228,283.252
534,106,467.41,236.172
534,69,193.716,209.551
535,109,341.551,474.172
535,104,652.562,352.899
535,124,632.441,263.217
535,106,466.015,234.699
535,69,192.45,210.458
536,126,306.071,533.317
536,127,317.143,448.403
536,104,651.371,331.442
536,105,629.349,232.791
536,106,462.354,234.804
536,69,187.99,210.921
537,126,305.551,532.436
537,127,307.849,446.545
537,104,659.161,347.607
537,104,650.166,316.16
537,104,642.393,314.967
537,106,461.106,234.054
537,105,629.932,234.019
537,69,186.881,210.492
538,109,303.975,465.031
538,128,652.65,337.089
538,106,459.345,232.008
538,105,627.558,232.82
538,90,182.174,208.506
539,126,301.761,531.636
539,109,292.263,461.833
539,104,654.395,340.051
539,106,455.305,225.51
539,105,625.802,228.562
539,90,175.836,210.497
540,126,257.838,521.74
540,127,290.657,451.15
540,104,654.357,342.401
540,106,452.361,221.156
540,105,624.112,227.931
540,69,175.877,211.249
541,127,279.541,459.627
541,104,655.408,343.768
541,105,623.543,226.679
541,106,450.305,220.052
541,69,171.944,209.378
542,127,271.178,457.955
542,104,654.114,348.409
542,105,621.732,227.347
542,106,448.565,221.185
542,69,169.676,207.296
543,126,248.211,527.383
543,126,295.004,516.543
543,127,266.866,434.573
543,104,653.477,352.022
543,105,621.33,226.046
543,106,447.476,220.742
543,69,165.966,205.581
544,127,261.017,458.328
544,104,651.523,354.767
544,105,617.641,222.655
544,106,444.81,217.816
544,69,163.122,206.966
545,126,256.315,524.342
545,109,249.297,452.178
545,104,659.024,357.812
545,104,637.532,346.628
545,106,441.217,210.466
545,105,614.493,217.732
545,69,158.304,206.624
546,109,244.6,450.246
546,104,652.666,352.76
546,129,440.78,194.383
546,105,613.364,216.693
546,69,156.153,205.473
547,126,208.234,521.755
547,127,239.512,444.999
547,128,648.892,357.429
547,129,437.863,195.143
547,105,612.663,216.874
547,90,154.086,205.306
548,126,234.171,514.552
548,126,282.453,502.787
548,127,231.191,433.477
548,104,649.327,362.055
548,105,614.408,215.54
548,90,150.221,202.52
549,127,232.369,446.664
549,104,650.061,368.056
549,105,614.189,209.999
549,69,142.973,206.517
550,127,230.984,440.599
550,104,663.406,365.17
550,104,640.65,354.228
550,69,141.655,207.723
550,105,613.455,208.829
551,127,258.262,450.411
551,130,196.107,418.825
551,104,651.058,372.12
551,129,418.167,187.305
551,105,611.818,209.326
551,69,138.828,206.674
552,127,223.005,443.88
552,104,664.667,350.333
552,104,646.645,370.35
552,129,417.647,186.551
552,105,609.539,208.863
552,69,134.861,205.395
553,126,191,502
553,127,220.886,443.397
553,104,649.215,371.028
553,69,129.837,202.894
553,105,608.147,208.584
554,109,217.758,443.428
554,104,650.889,372.144
554,69,123.312,207.666
554,129,413.86,185.303
554,105,603.246,204.812
555,131,222.137,522.358
555,132,230.677,504.27
555,109,214.455,440.292
555,104,650.713,371.296
555,69,119.806,208.408
555,129,413.954,188.116
555,105,600.816,202.685
555,129,406.872,199.338
556,127,217.188,442.406
556,128,650.445,370.695
556,90,117.776,207.956
556,129,407.734,197.756
556,105,599.553,201.832
557,127,215.964,442.706
557,104,651.391,371.502
557,90,109.481,205.519
557,129,403.495,199.25
557,105,599.546,200.802
558,126,199.461,516.005
558,127,213.721,428.354
558,104,651.668,371.881
558,69,106.297,207.439
558,129,401.479,197.041
558,105,598.773,199.415
559,127,210.807,449.783
559,104,652.472,371.384
559,129,394.538,202.385
559,69,101.973,209.659
559,129,404.993,188.191
559,105,598.064,198.75
560,127,207.495,452.228
560,104,651.618,371.378
560,129,396.304,210.754
560,69,98.2895,211.116
560,129,401.996,198.312
560,105,597.57,198.372
560,129,391.018,174.338
561,109,204.863,454.067
561,104,652.009,371.552
561,69,96.1906,209.865
561,129,400,174
561,129,390.969,195.974
561,105,597.982,199.393
562,109,206.47,456.895
562,104,652.4,372.024
562,69,92.992,210.303
562,105,597.385,199.559
562,129,391.549,194.586
563,109,207.824,459.41
563,104,652.727,372.437
563,69,83.4837,212.466
563,105,598.982,199.451
563,129,384.051,188.25
564,127,210.43,459.74
564,104,650.761,371.469
564,69,78.8154,213.988
564,105,599.357,200.667
564,129,381.798,188.021
565,127,210.209,458.01
565,128,651.081,371.222
565,90,77.4471,213.605
565,105,599.255,201.839
565,129,378.669,189.31
566,127,215.406,457.081
566,104,651.508,371.271
566,90,68.3243,212.141
566,105,596.416,204.706
566,129,372.716,194.907
567,127,216.707,454.754
567,104,651.404,372.011
567,69,62.5741,210.957
567,105,595.45,203.523
567,129,372.301,196.11
568,127,213.148,456.364
568,104,650.993,371.276
568,69,58.9843,214.717
568,105,591.327,204.195
568,129,368.232,193.209
569,127,209.833,461.838
569,104,651.193,373.096
569,69,52.302,215.11
569,105,588.172,206.117
569,129,361.326,188.932
570,109,207.479,466.592
570,104,652.351,372.154
570,133,760.496,318.771
570,69,47.6688,215.934
570,105,585.487,205.481
570,129,357.133,187.319
571,109,202.739,465.005
571,104,651.317,371.069
571,133,753.48,290.137
571,69,38.2618,214.058
571,105,583.012,205.08
571,129,353.888,191.42
572,109,202.729,461.294
572,134,744.695,331.624
572,104,650.805,371.987
572,133,756,300.667
572,135,752.233,263.471
572,69,33.9231,216.517
572,105,581.623,203.965
572,129,351.625,187.32
573,127,202.896,466.682
573,104,650.148,370.21
573,133,750.983,299.511
573,69,29.3282,218.645
573,105,580.847,206.094
573,129,347.333,189.925
574,136,200.455,559.077
574,127,202.679,465.443
574,128,649.759,367.611
574,133,744.503,295.881
574,90,24.1128,217.102
574,105,580.567,205.658
574,129,338.583,187.053
575,136,204.028,563.071
575,127,202.069,462.111
575,104,647.212,367.503
575,133,738.154,293.418
575,137,581.676,207.465
575,129,334.122,189.411
576,138,202.983,460.512
576,104,647.174,366.538
576,133,733.961,290.898
576,105,582.88,207.85
576,129,330.105,191.598
577,136,194.872,557.258
577,127,207.121,461.511
577,104,647.553,367.871
577,133,723.578,294.938
577,105,585.922,209.266
577,129,321.302,184.133
578,127,209.22,456.949
578,104,648.974,369.87
578,133,719.676,290.768
578,105,587.991,211.853
578,129,315.851,184.44
579,139,190.129,481.435
579,109,224.564,448.275
579,104,648.457,371.369
579,133,712.74,288.507
579,105,588.822,213.89
579,129,309.632,179.469
580,139,200.73,503.699
580,140,240.868,407.655
580,104,648.259,372.912
580,133,706.003,282.838
580,105,590.939,215.383
580,129,306.442,185.654
581,109,231.847,467.835
581,104,648.907,372.152
581,133,695.039,285.182
581,105,596.052,216.354
581,129,301.953,188.633
582,139,217.998,511.399
582,140,259.447,404.944
582,104,649.466,373.207
582,133,692.243,283.927
582,105,599.984,219.959
582,129,296.643,188.147
583,139,220.93,510.289
583,140,268.586,400.602
583,128,647.918,372.653
583,133,688.367,281.504
583,105,603.153,221.481
583,129,290.52,184.537
584,139,238.9,495.099
584,140,286.68,403.306
584,141,663.345,362.376
584,104,644.957,374.402
584,133,678.119,272.859
584,137,609.166,224.218
584,129,280.494,187.74
585,142,652.135,406.137
585,109,271.51,455.957
585,143,664.777,309.906
585,105,611.618,223.972
585,129,277.08,187.125
586,139,253.746,506.289
586,140,299.786,402.114
586,143,658.485,336.477
586,105,615.259,222.725
586,129,269.603,179.987
587,144,253.629,560.845
587,139,259.813,505.711
587,140,317.608,389.839
587,143,652.465,334.388
587,105,623.1,230.397
587,129,262.645,181.915
588,139,248.569,477.283
588,139,277.629,476.081
588,140,326.393,391.28
588,145,640.122,302.003
588,129,256.34,180.101
589,139,269.244,506.961
589,140,334.258,394.225
589,146,658.093,241.554
589,143,638.37,312.713
589,129,254.364,177.677
590,139,284.995,505.728
590,140,351.457,388.118
590,143,643.053,309.536
590,129,247.891,185.928
591,139,287.95,498.376
591,104,637.637,370.03
591,141,664.569,377.629
591,140,362.549,383.224
591,104,653,348
591,133,639.863,256.052
591,129,243.026,184.068
592,139,287.096,503.35
592,140,373.286,385.155
592,128,649.882,360.86
592,105,643.799,242.407
592,129,237.674,181.312
593,139,282.427,502.572
593,140,387.645,389.202
593,141,641.129,356.558
593,141,656.836,377.802
593,147,644.216,283.861
593,137,635.356,238.499
593,129,230.385,187.089
594,139,282.417,503.301
594,140,395.345,387.868
594,104,652.096,372.809
594,133,638.805,250.969
594,129,226.586,186.87
595,139,281.659,501.16
595,140,405.588,381.942
595,104,654.953,367.769
595,133,638.539,250.003
595,129,224.806,188.247
596,139,283.151,503.511
596,141,655.495,377.299
596,104,646.076,352.849
596,140,414.504,374.698
596,137,635.015,250.358
596,129,222.304,186.131
597,139,283.505,504.666
597,104,651.815,371.489
597,140,424.473,379.002
597,133,605.534,255.437
597,133,661.722,251.673
597,129,217.621,182.833
598,139,291.187,503.141
598,104,653.431,371.292
598,140,441.731,379.793
598,133,596.95,254.775
598,133,666.784,253.624
598,129,209.032,180.885
599,139,294.42,505.556
599,148,647.177,412.079
599,104,667.191,360.818
599,104,646.831,337.451
599,104,659.667,343.667
599,140,448.328,367.838
599,133,671.69,257.775
599,133,593.001,253.93
599,129,206.788,185.085
600,139,296.677,507.493
600,104,650.508,372.607
600,140,460.35,365.981
600,133,674.472,259.302
600,137,589.391,250.803
600,129,202.284,177.516
601,139,304.204,505.772
601,128,651.422,371.403
601,140,474.769,369.973
601,105,684.567,259.628
601,133,579.106,250.646
601,129,199.514,184.669
602,139,310.587,505.785
602,141,650.199,373.649
602,140,479.177,370.705
602,149,701.584,245.528
602,137,680.807,250.977
602,133,574.576,251.944
602,129,194.152,178.835
603,139,316.021,498.95
603,104,650.078,375.766
603,140,480.547,370.944
603,133,694.472,262.286
603,133,570.607,251.63
603,129,190.819,181.722
604,139,329.079,508.742
604,104,655.607,359.036
604,140,497.669,357.105
604,133,701.198,267.019
604,133,563.515,247.41
604,129,183.979,169.669
605,139,333.181,508.776
605,141,647.467,373.808
605,140,503.938,355.496
605,133,703.163,269.224
605,133,555.075,241.678
605,129,183.494,184.772
606,150,340.332,541.444
606,139,335.766,505.887
606,104,649.607,371.131
606,140,521.768,363.679
606,133,712.072,273.914
606,133,547.839,241.635
606,129,175.878,180.297
607,150,344.116,542.522
607,139,341.614,506.444
607,148,626.739,404.084
607,104,649.093,357.773
607,140,530.415,357.546
607,151,541.333,253.667
607,133,715.53,276.802
607,133,545.452,241.249
607,129,171.37,176.2
608,139,348.095,502.35
608,104,644.018,372.497
608,140,536.707,359.086
608,133,718.574,277.236
608,137,542.576,241.735
608,129,168.342,176.08
609,139,361.905,502.816
609,104,648.396,375.5
609,140,546.879,359.061
609,105,727.26,277.086
609,133,533.963,238.181
609,129,165.064,181.973
610,139,365.816,498.909
610,128,644.661,375.786
610,140,554.461,363.177
610,105,733.18,278.147
610,152,528.526,238.273
610,129,162.645,180.631
611,139,371.712,496.102
611,141,648.041,376.326
611,140,557.046,359.273
611,133,735.783,282.379
611,133,525.336,238.851
611,153,21.9812,222.992
611,129,158.846,179.537
612,139,373.767,491.749
612,148,651.697,395.752
612,104,652.707,350.838
612,140,560.925,355.463
612,133,739.167,283.838
612,133,520.72,238.951
612,153,24.1355,222.76
612,129,154.875,173.855
613,139,381.004,502.213
613,154,551.828,385.519
613,141,645.218,374.81
613,140,574.492,330.796
613,133,743.453,287.464
613,133,512.066,232.491
613,153,31.2294,215.729
613,129,151.15,178.156
614,139,385.872,501.121
614,155,658.68,324.986
614,156,603.282,360.251
614,133,748.374,291.42
614,133,506.896,228.279
614,153,36.364,214.999
614,129,149.015,178.131
615,139,390.045,499.684
615,156,610.814,355.654
615,133,747.066,284.138
615,133,504.678,228.715
615,153,41.7001,219.294
615,129,147.433,180.014
616,139,391.636,494.207
616,141,631.379,374.486
616,140,590.66,338.66
616,133,753.92,300.433
616,153,51.7636,224.524
616,133,497.682,224.607
616,129,142.72,181.549
617,139,393.587,497.261
617,148,643.291,381.783
617,148,657.573,360.292
617,155,659.993,327.333
617,104,603.93,343.332
617,133,756,300.333
617,133,751.904,285.158
617,153,54.5436,222.91
617,137,493.417,222.267
617,129,140.025,179.105
618,139,398.286,497.767
618,157,759.427,332.513
618,156,616.16,346.162
618,133,760.301,277.472
618,153,64.948,215.424
618,133,486.34,216.662
618,129,135.212,179.553
619,139,398.924,494.017
619,128,643.61,381.649
619,128,604.276,327.094
619,133,762.944,283.376
619,153,71.88,219.954
619,152,481.607,220.84
619,129,134.302,182.638
620,139,399.922,500.364
620,148,630.162,382.626
620,141,623.52,333.041
620,140,590.729,324.686
620,153,77.2804,221.757
620,133,478.094,220.16
620,129,132.588,185.276
621,139,398.791,492.067
621,104,649.487,363.273
621,140,604.008,321.139
621,153,80.7138,222.331
621,133,475.678,218.531
621,129,131.437,181.837
622,139,396.971,497.181
622,104,611.101,334.27
622,153,92.9001,218.638
622,133,464.369,209.921
622,129,129.621,181.13
623,158,400.969,555.44
623,139,393.816,484.687
623,104,608.797,334.823
623,153,96.5029,218.514
623,133,461.377,208.534
623,129,128.622,183.673
624,139,392.136,490.698
624,104,606.763,332.455
624,129,99.214,217.29
624,133,457.266,210.707
624,129,126.838,179.995
625,139,389.169,491.679
625,104,604.548,329.062
625,129,102.489,218.572
625,133,455.284,209.651
625,129,125.143,178.605
626,139,384.261,488.535
626,104,604.797,328.306
626,129,106.414,214.213
626,137,448.891,201.318
626,129,124.527,176.39
627,139,383.399,483.33
627,159,606.542,313.453
627,133,445.957,201.37
627,160,117.026,196.189
628,139,382.875,483.035
628,161,607.783,370.013
628,128,604.361,317.182
628,153,114.415,213.196
628,152,443.141,200.405
628,129,124.756,182.084
629,139,383.302,471.136
629,141,586.257,333.431
629,141,628.869,286.83
629,162,438.109,188.494
629,129,125.277,201.58
630,139,381.842,476.064
630,140,582.81,330.816
630,140,632.022,284.941
630,129,127.128,201.414
631,139,374.282,503.058
631,139,376.966,462.21
631,159,571.527,323.021
631,159,637.333,281.162
631,162,412.667,181
631,129,132.134,197.936
632,139,373.356,462.701
632,159,566.538,321.254
632,141,641.141,272.505
632,162,414.098,177.692
632,129,133.545,195.336
633,139,374.734,470.063
633,159,562.097,321.207
633,141,643.902,270.489
633,162,409.376,176.554
633,129,136.804,196.517
634,139,370.958,468.227
634,159,558.431,319.316
634,141,645.739,270.172
634,129,148.808,210.828
634,133,410.765,192.201
634,129,123.375,177.158
635,139,367.259,466.816
635,141,554.424,316.233
635,141,647.59,270.23
635,129,149.956,210.574
635,137,408.163,195.664
635,129,124.015,178.665
636,139,363.866,467.58
636,141,549.49,311.388
636,141,649.684,266.522
636,160,154.502,207.255
636,133,404.729,197.416
636,129,123.601,176.574
637,139,359.109,460.127
637,141,541.158,310.489
637,141,656.301,258.85
637,129,164.746,206.291
637,152,400.982,200.856
637,129,124.318,177.027
638,139,376.598,457.242
638,139,354.844,458.941
638,141,538.626,308.276
638,141,660.2,258.532
638,129,164.382,202.582
638,133,397.96,199.357
638,129,125.984,181.246
639,139,359.196,457.56
639,140,532.898,303.695
639,140,660.974,263.092
639,129,167.16,198.081
639,133,393.183,198.861
639,129,127.411,182.46
640,139,358.524,456.02
640,159,525.545,299.774
640,159,661.896,262.612
640,129,174.173,206.055
640,162,386.33,178.671
640,129,127.672,184.143
641,139,359.21,456.862
641,159,518.281,299.965
641,141,662.351,253.459
641,129,184.418,200.156
641,133,378.547,199.508
641,129,132.348,191.59
641,129,122.989,167.462
642,139,371.551,477.391
642,139,351.721,444.432
642,159,513.426,297.958
642,141,662.277,246.361
642,129,190.907,202.585
642,133,374.288,196.034
642,129,129.628,181.608
643,163,340.261,433.457
643,139,362.395,458.938
643,159,509.78,295.18
643,141,660.677,252.858
643,129,194.904,203.257
643,133,371.36,194.697
643,129,131.094,183.958
644,139,361.468,456.879
644,141,505.418,292.196
644,141,660.295,254.199
644,129,196.939,203.967
644,137,367.577,195.012
644,129,134.857,185.914
645,139,361.861,456.392
645,141,503.632,290.292
645,141,659.426,253.85
645,160,200.013,201.874
645,133,363.638,195.466
645,129,137.416,187.862
646,139,363.681,452.673
646,141,499.791,290.815
646,141,659.769,251.197
646,129,204.501,196.879
646,152,356.986,199.383
646,129,140.16,189.214
647,139,362.56,443.95
647,141,497.368,286.946
647,141,659.168,249.116
647,129,209.269,197.95
647,133,351.62,194.078
647,129,142.09,189.036
648,139,362.94,452.986
648,140,489.505,278.456
648,140,658.884,244.586
648,129,218.577,200.92
648,133,347.676,197.975
648,129,143.327,183.084
649,139,360.586,435.558
649,159,485.597,278.233
649,159,656.853,242.988
649,129,223.858,196.531
649,133,342.737,194.331
649,129,147.874,189.67
650,139,360.596,446.064
650,159,485.386,277.341
650,141,656.987,238.342
650,133,336.069,191.077
650,129,224.666,195.41
650,129,152.135,191.584
651,139,356.637,445.323
651,159,482.077,275.185
651,141,653.94,240.92
651,133,331.568,195.368
651,129,231.966,193.065
651,129,153.372,191.885
652,139,353.21,440.795
652,159,480.484,267.226
652,141,648.688,231.833
652,133,327.283,201.785
652,129,239.941,198.064
652,129,157.416,190.199
653,139,356.977,462.235
653,139,343.066,408.736
653,141,477.909,268.96
653,141,648.201,235.508
653,137,323.087,198.531
653,129,242.702,196.339
653,129,158.444,187.08
654,139,361.259,458.759
654,139,340.77,420.862
654,141,478.327,266.24
654,141,646.29,235.157
654,133,315.935,197.736
654,160,246.376,193.97
654,129,164.343,191.249
655,139,348.093,435.773
655,141,476.797,261.676
655,141,645.339,234.973
655,152,313.636,200.916
655,129,251.282,186.952
655,129,168.296,192.378
656,139,347.26,434.624
656,164,752.484,385.194
656,141,475.968,259.182
656,141,642.449,229.865
656,133,307.57,201.211
656,129,256.172,189.672
656,129,170.096,193.459
657,165,360.864,425.553
657,139,336.014,412.043
657,164,747.968,381.42
657,140,474.273,258.293
657,140,641.239,229.721
657,133,305.04,201.074
657,129,259.617,183.875
657,129,172.17,193.52
658,139,341.437,433.355
658,164,745.147,374.068
658,159,475.889,258.246
658,159,640.056,226.696
658,133,302.871,201.212
658,129,266.694,195.335
658,129,175.548,195.136
659,139,335.666,434.172
659,164,731.186,367.124
659,159,475.708,256.023
659,141,638.838,225.71
659,133,286.682,191.009
659,129,179.558,193.909
660,139,325.554,434.435
660,164,712.842,369.751
660,159,476.528,250.132
660,141,635.546,222.865
660,133,286.534,195.237
660,129,189.804,195.214
661,139,321.009,431.864
661,164,704.861,364.294
661,159,476.91,248.239
661,141,630.958,218.945
661,133,286.705,197.172
661,129,192.378,197.574
662,139,314.997,430.211
662,164,689.024,358.969
662,141,477.286,247.442
662,141,625.929,217.501
662,166,286.611,195.109
662,129,194.169,197.646
663,139,307.371,425.188
663,164,678.912,360.878
663,141,477.004,247.002
663,141,623.521,217.137
663,160,205.363,203.261
663,133,284.832,191.818
663,129,192.479,170.744
664,139,296.48,417.876
664,164,664.403,353.828
664,141,475.159,240.904
664,141,617.713,214.922
664,152,273.905,199.321
664,152,301.492,184.327
664,129,207.81,197.087
665,139,290.474,420.57
665,164,653.846,343.865
665,141,474.767,239.328
665,141,614.531,214.273
665,133,267.683,201.044
665,129,217.318,198.202
665,133,308.276,189.595
666,139,285.494,418.89
666,164,636.235,346.948
666,140,477.849,240.223
666,140,608.606,201.476
666,133,266.354,198.662
666,129,219.79,200.46
666,133,313.826,191.107
667,139,280.542,414.685
667,164,628.368,340.285
667,159,477.299,235.223
667,159,605.741,209.847
667,129,261.956,195.753
667,129,224.392,201.823
667,133,317.644,184.677
668,139,272.956,411.016
668,164,614.881,335.2
668,159,478.428,231.625
668,141,601.419,211.539
668,133,237.147,193.685
668,133,323.294,180.51
669,139,269.135,413.537
669,164,605.084,335.006
669,159,479.644,228.877
669,141,597.689,213.712
669,129,233.286,188.168
669,133,326.745,182.154
670,139,256.684,416.996
670,164,591.844,332.73
670,159,482.861,228.897
670,141,591.613,207.976
670,129,236.837,200.991
670,133,336.343,188.847
671,139,253.129,416.63
671,164,580.136,326.543
671,141,482.287,227.176
671,141,585.995,202.068
671,166,241.213,199.509
671,152,339.447,185.409
672,139,248.617,415.204
672,164,570.62,325.104
672,141,481.488,216.677
672,141,580.861,199.193
672,133,236.396,202.121
672,152,342.897,184.004
673,139,242.765,412.117
673,164,563.047,326.388
673,141,483.552,222.643
673,141,577.999,201.109
673,152,240.425,200.739
673,152,347.435,180.506
674,139,236.651,417.418
674,167,215.805,382.665
674,164,543.147,317.609
674,141,485.666,220.283
674,141,571.878,205.987
674,129,240.103,198.94
674,133,357.817,188.544
675,139,222.458,403.047
675,164,535.582,317.612
675,140,487.04,221.233
675,133,251.473,215.05
675,133,240.083,193.325
675,140,568.842,194.913
675,133,217.922,191.126
675,133,357.351,183.75
676,139,215.773,405.838
676,164,529.134,316.555
676,159,562.679,207.784
676,159,487.341,218.902
676,159,562.921,197.362
676,129,237.503,194.891
676,133,365.058,171.933
677,139,210.248,407.902
677,164,521.53,312.442
677,159,488.855,215.652
677,141,557.225,201.978
677,133,258.053,204.913
677,133,214.785,195.791
677,133,367.866,181.108
678,139,202.305,407.813
678,168,492.97,277.346
678,129,205.77,200.04
678,141,547.989,203.635
678,129,271.127,206.167
678,133,376.277,175.867
679,139,196.586,402.184
679,168,501.881,253.038
679,168,484.59,281.576
679,141,544.756,203.076
679,129,274.924,208.612
679,129,203.019,198.525
679,133,379.743,169.494
680,167,187.17,395.204
680,166,283.512,217.649
680,168,487.734,274.605
680,166,198.713,194.43
680,166,269.737,193.916
680,141,540.24,202.262
680,152,386.212,168.822
681,167,173.754,398.153
681,169,463.907,302.676
681,141,499.662,210.815
681,152,289.96,213.883
681,133,191.238,200.45
681,133,280.587,187.473
681,141,525.481,188.904
681,152,395.018,168.212
682,167,169.175,397.919
682,169,458.816,304.086
682,129,183.159,212.008
682,129,179.667,218.333
682,152,191.367,198.613
682,133,292.63,204.574
682,141,511.573,200.713
682,133,399.157,173.248
683,139,162.041,387.238
683,169,453.203,301.733
683,133,296.282,206.699
683,141,511.01,203.213
683,133,181.22,196.463
683,133,403.597,173.641
684,139,152.922,385.57
684,170,422.818,275.302
684,169,441.807,297.364
684,140,510.004,215.513
684,133,302.72,209.302
684,133,178.897,196.989
684,133,411.34,176.74
685,139,148.579,380.788
685,169,439.619,301.675
685,169,418.115,295.503
685,129,308.478,208.592
685,133,176.536,199.281
685,159,508.994,200.082
685,133,416.178,165.585
686,139,147.452,381.119
686,169,413.731,294.626
686,159,519.891,210.851
686,159,511.485,194.89
686,129,312.447,206.097
686,133,172.466,201.821
686,159,495.022,190.527
686,133,418.836,166.418
687,167,146.444,387.76
687,169,409.319,289.058
687,141,521.502,201.121
687,129,317.245,209.52
687,129,171.27,200.465
687,141,492.068,194.988
687,133,420.193,155.073
688,167,143.319,377.251
688,169,395.348,291.5
688,141,526.572,204.337
688,166,325.001,213.58
688,129,164.975,200.909
688,141,482.136,197.897
688,152,438.532,176.224
689,167,140.763,372.01
689,170,396.593,295.603
689,169,376.431,278.815
689,152,334.402,223.204
689,141,529.291,201.784
689,166,321.196,199.971
689,166,164.239,200.667
689,141,477.659,197.491
689,152,439.147,172.94
690,167,139.394,370.652
690,169,382.025,282.033
690,152,331.492,209.174
690,133,165.845,203.157
690,141,532.775,199.071
690,141,472.398,193.542
690,152,440.334,176.996
691,167,138.935,369.446
691,171,758.102,281.52
691,169,366.244,276.557
691,133,340.285,208.236
691,129,165.371,189.406
691,141,537.817,197.069
691,133,455.222,185.745
692,139,137.262,365.282
692,171,754.333,280.333
692,171,751.983,255.97
692,172,353.975,250.204
692,133,166.975,203.588
692,141,463.831,198.732
692,141,538.497,194.828
692,133,446.692,176.053
693,139,136.534,363.678
693,171,753.14,276.375
693,172,349.869,247.169
693,133,170.794,205.392
693,140,541.222,197.298
693,133,453.911,190.244
694,139,133.929,359.968
694,171,749.876,276.738
694,172,348.007,249.749
694,133,172.492,205.94
694,159,541.099,190.765
694,159,452.251,184.649
695,139,131.593,358.318
695,171,742.939,279.023
695,172,343.572,253.015
695,133,174.492,207.551
695,159,541.962,195.932
695,133,441.45,178.493
695,159,460.189,172.832
696,167,130.078,356.519
696,171,740.731,277.858
696,169,335.121,270.803
696,129,356.622,208.32
696,129,178.613,202.292
696,141,541.587,198.016
696,133,438.528,180.571
696,141,463.73,170.58
697,167,129.203,355.375
697,171,732.979,274.953
697,169,326.955,264.146
697,166,360.398,212.761
697,129,177.049,204.248
697,141,540.157,198.66
697,152,437.566,181.942
697,141,468.959,175.427
698,167,127.367,348.94
698,171,717.954,274.099
698,152,313.233,259.025
698,152,366.468,218.335
698,141,536.286,201.495
698,166,189.445,210.685
698,141,473.821,177.241
699,167,124.948,346.603
699,171,711.198,274.048
699,152,307.806,259.162
699,152,369.479,217.829
699,133,193.212,213.27
699,141,534.794,200.218
699,152,419.242,176.609
699,141,475.795,170.272
700,167,122.643,345.513
700,171,707.117,275.319
700,133,300.691,254.646
700,133,372.868,214.636
700,129,191.518,213.975
700,141,533.003,200.674
700,133,417.242,176.42
700,133,480.993,167.322
701,139,121.108,344.853
701,171,704.645,277.304
701,169,295.464,255.248
701,129,375.368,213.139
701,133,194.986,207.331
701,141,531.362,201.659
701,133,414.808,178.144
701,141,483.534,164.382
702,139,116.073,341.968
702,171,690.762,264.473
702,169,283.19,257.337
702,140,529.569,206.978
702,133,206.392,211.822
702,133,406.622,184.149
702,133,489.714,157.518
703,139,113.735,337.578
703,129,395.807,241.5
703,171,684.156,263.107
703,152,275.874,253.38
703,159,528.259,206.914
703,133,209.229,211.66
703,133,401.53,179.897
703,159,492.415,155.146
704,139,111.058,335.192
704,171,678.394,267.839
704,152,268.217,248.548
704,159,527.011,207.314
704,133,212.599,212.773
704,129,399.525,201.702
704,159,495.352,162.508
705,167,106.093,331.386
705,171,671.196,266.698
705,152,258.929,249.204
705,129,219.652,213.411
705,129,396.415,206.504
705,173,514.57,193.612
706,167,104.826,330.364
706,171,663.548,244.853
706,166,405.021,225.956
706,141,520.581,214.966
706,169,239.045,230.356
706,152,384.875,172.713
706,141,504.336,153.899
707,167,101.57,326.534
707,171,665.783,245.103
707,171,652.36,263.453
707,152,405.206,216.488
707,166,238.185,234.165
707,152,378.206,176.701
707,173,514.656,197.206
708,167,98.1061,323.491
708,171,649.213,261.193
708,152,404.918,225.82
708,133,237.624,237.718
708,152,375.359,192.822
708,173,514.295,197.231
709,167,92.2381,325.8
709,171,639.043,263.761
709,129,232.001,232.7
709,133,368.357,198.426
709,173,513.779,197.728
710,139,89.9129,325.232
710,171,639.067,264.892
710,141,510.166,223.207
710,133,229.381,228.725
710,129,364.114,196.029
710,141,521.829,156.996
711,139,85.101,321.52
711,171,632.851,260.095
711,140,509.116,223.958
711,133,228.504,229.323
711,133,363.724,197.939
711,140,525.86,163.235
712,139,78.0325,313.002
712,129,440.573,262.961
712,171,621.215,256.26
712,159,503.78,222.689
712,152,226.902,227.144
712,129,350.795,201.968
712,159,531.412,164.55
713,139,76.7954,311.196
713,152,442.371,261.917
713,171,616.391,259.003
713,159,499.801,226.406
713,169,224.861,225.82
713,129,346.919,203.156
713,159,537.466,178.324
713,159,531.072,156.766
714,167,75.717,311.952
714,166,445.821,253.978
714,171,613.371,259.294
714,141,497.528,228.851
714,169,225.109,225.763
714,152,344.989,202.685
714,141,536.97,157.427
715,167,74.7604,310.912
715,171,612.105,257.474
715,141,503.317,235.551
715,166,196.892,235.215
715,166,447.286,240.527
715,141,487.771,222.537
715,169,255.142,226.226
715,152,340.879,200.987
715,141,540.32,157.561
716,167,72.8554,304.579
716,171,598.256,255.899
716,152,454.575,249.249
716,166,176.024,217.117
716,173,494.418,232.782
716,166,258.611,228.707
716,152,335,203.929
716,141,549.331,163.924
717,167,73.4586,303.3
717,171,592.901,256.041
717,141,490.961,248.793
717,166,170.945,223.704
717,173,463.986,231.279
717,133,261.809,227.648
717,152,327.635,203.094
717,141,553.625,158.041
718,167,73.3424,303.699
718,171,587.797,257.616
718,166,166.471,226.032
718,152,478.122,238.289
718,129,264.429,227.023
718,133,324.05,202.683
718,141,554.306,160.204
719,139,74.4941,301.917
719,171,579.59,256.36
719,141,487.602,241.564
719,166,157.13,227.63
719,133,270.478,228.455
719,129,319.718,197.033
719,141,558.684,152.287
720,139,75.4861,298.564
720,171,572.934,257.118
720,141,489.509,243.47
720,166,152.06,228.21
720,133,274.552,231.388
720,133,319.116,209.212
720,140,563.51,157.416
721,139,76.2885,294.983
721,171,550.46,242.478
721,169,283.413,224.51
721,141,544.958,205.557
721,159,485.836,246.187
721,166,148.149,229.468
721,169,268.444,228.417
721,129,315.45,213.725
721,159,567.221,159.156
722,139,81.1708,298.29
722,171,575.195,251.646
722,166,136.895,223.469
722,129,297.686,221.418
722,174,529.396,224.091
723,167,83.2564,298.255
723,175,571.502,234.952
723,171,526.524,247.175
723,166,132.161,223.113
723,152,297.238,220.097
723,141,573.749,151.747
724,167,84.3712,293.584
724,171,528.752,246.799
724,166,128.416,224.935
724,169,299.402,224.338
724,141,576.843,151.877
725,167,92.5089,286.618
725,152,527.689,251
725,166,116.186,220.487
725,166,299.474,227.42
725,141,585.859,151.738
726,152,528.041,252.489
726,176,104.657,256.173
726,133,300.31,228.794
726,141,585.512,157.642
727,171,529.838,253.412
727,176,104.704,257.939
727,129,300.643,231.132
727,141,588.642,155.905
728,171,535.401,251.941
728,176,102.044,256.736
728,133,301.272,230.211
728,141,591.094,152.916
729,133,311.919,245.367
729,171,537.965,250.919
729,176,100.076,251.573
729,133,287.858,192.004
729,140,594.365,150.161
730,171,540.353,246.227
730,176,99.8114,258.515
730,129,302.573,235.516
730,166,74.7889,212.173
730,159,600.378,151.915
731,129,320.91,231.956
731,177,525.069,229.145
731,129,290.804,241.885
731,171,547.91,257.464
731,176,96.7023,253.119
731,141,602.299,151.296
732,167,113.358,281.101
732,171,539.247,245.659
732,166,67.0206,222.27
732,152,305.059,230.23
732,166,79.4411,213.243
732,141,604.667,151.478
733,167,114.762,279.577
733,169,319.314,234.545
733,171,538.652,245.029
733,133,284.5,202.858
733,166,72.7065,215.737
733,141,608.605,151.507
734,167,119.664,276.288
734,133,329.195,242.564
734,171,499.782,243.964
734,133,309.49,232.731
734,152,565.818,253.672
734,166,67.5462,216.872
734,141,608.977,147.057
735,167,123.103,270.003
735,177,497.524,247.819
735,133,331.289,245.739
735,133,292.189,233.434
735,178,484.108,206.244
735,152,568.253,257.111
735,166,63.5226,215.492
735,141,612.546,150.446
736,167,124.486,267.641
736,129,336.144,249.211
736,129,292.76,235.578
736,177,485.523,237.08
736,171,569.719,258.348
736,166,59.8291,212.868
736,141,616.503,150.607
737,167,128.243,270.112
737,133,342.424,243.68
737,133,292.92,237.699
737,177,481.346,238.81
737,171,571.391,259.481
737,166,53.8744,211.1
737,141,617.226,150.111
738,167,131.385,270.47
738,133,337.6,249.138
738,133,293.083,238.551
738,171,472.982,240.455
738,171,574.655,255.618
738,166,49.592,212.33
738,140,619.213,149.154
738,179,741.785,76.2139
739,167,134.106,264.481
739,129,350.062,247.701
739,129,288.95,233.885
739,171,466.126,239.387
739,152,578.061,253.688
739,166,39.6073,207.973
739,159,624.766,145.084
739,179,744.653,76.7249
740,167,137.247,263.224
740,129,351.062,242.5
740,129,288.339,241.38
740,171,460.109,234.766
740,152,580.694,258.155
740,166,35.7258,209.765
740,141,628.237,147.84
741,167,140.505,264.674
741,152,287.015,246.49
741,169,355.496,249.697
741,171,454.173,230.154
741,152,581.168,257.777
741,166,31.505,210.85
741,141,633.575,151.25
741,179,747.672,79.7244
742,152,592.986,279.665
742,167,146.819,266.351
742,169,289.75,248.96
742,169,359.826,250.929
742,133,268.667,230.333
742,171,450.784,232.782
742,180,566.037,227.132
742,166,28.1489,209.509
742,141,635.379,153.424
742,179,747.569,79.2331
743,181,447.633,256.444
743,171,605.644,275.975
743,167,149.763,261.439
743,133,369.162,256.88
743,133,276.191,244.642
743,133,262.333,228
743,180,561.148,227.777
743,141,640.003,148.705
744,171,610.625,279.286
744,167,155.631,257.304
744,133,370.82,257.969
744,133,272.142,245.49
744,180,557.056,224.526
744,141,643.438,146.495
745,171,618.782,282.072
745,167,159.55,249.31
745,129,372.416,254.633
745,129,269.488,249.582
745,180,554.32,222.776
745,141,647.361,145.655
746,182,391.612,291.599
746,171,622.425,283.085
746,133,264.811,252.213
746,133,378.637,227.685
746,167,166.602,250.074
746,180,544.733,224.361
746,141,654.65,151.474
747,152,627.858,281.254
747,133,262.861,253.059
747,167,172.923,255.856
747,129,393.652,255.271
747,180,542.013,224.572
747,140,655.981,151.322
748,152,634.719,278.152
748,181,398.419,241.691
748,129,260.222,249.194
748,167,176.89,236.117
748,129,397.774,253
748,180,539.831,224.109
748,159,659.593,148.903
749,181,412.197,259.263
749,171,646.976,275.596
749,129,397.356,269.455
749,129,256.439,254.202
749,167,189.611,251.33
749,180,527.811,220.036
749,141,665.958,148.6
749,179,751.503,75.2144
750,171,652.591,278.575
750,169,401.154,253.52
750,152,255.193,257.719
750,167,196.133,251.899
750,180,523.855,217.265
750,141,667.348,144.494
750,179,748.698,81.5154
751,171,654.484,277.556
751,169,395.833,253.668
751,169,253.071,257.645
751,167,196.597,250.933
751,180,519.843,219.522
751,141,670.408,144.508
752,133,417.716,258.604
752,133,411.223,273.275
752,171,656.008,275.436
752,133,251.138,259.043
752,167,199.638,248.856
752,133,376.889,225.177
752,180,517.991,218.644
752,141,674.582,149.804
753,182,416.802,285.812
753,171,664.131,265.858
753,133,232.061,252.978
753,133,370.094,222.222
753,180,509.928,214.562
753,141,679.912,146.46
754,182,418.325,289.463
754,171,667.036,264.869
754,129,233.002,252.338
754,180,506.15,213.737
754,129,365.098,220.147
754,141,682.416,146.313
755,181,445.207,276.094
755,171,669.435,263.618
755,133,237.714,257.488
755,180,499.611,218.515
755,133,354.626,225.147
755,141,685.367,148.722
755,179,749.156,59.8248
756,129,445.939,271.271
756,152,670.046,262.433
756,133,240.945,257.656
756,129,352.876,226.732
756,180,496.465,217.242
756,140,686.346,150.548
757,169,449.18,271.654
757,152,668.885,251.146
757,129,241.467,258.238
757,181,349.81,226.036
757,180,492.152,218.362
757,159,687.727,138.352
757,179,748.54,66.6983
758,169,451.01,271.7
758,171,670.312,258.563
758,129,245.088,258.697
758,133,343.972,222.186
758,180,487.329,212.605
758,141,688.666,150.41
759,171,669.07,257.633
759,133,247.585,263.254
759,183,469.399,250.008
759,133,334.022,221.627
759,141,690.657,152.195
760,171,667.221,255.2
760,133,249.738,263.325
760,183,468.804,255.303
760,133,329.403,223.947
760,141,691.47,152.575
760,179,738.273,74.7205
761,171,664.848,255.313
761,133,250.43,264.93
761,183,470.846,258.55
761,133,326.361,224.951
761,141,692.577,153.598
761,179,735.756,62.3946
762,171,664.086,256.874
762,133,252.153,263.9
762,181,478.678,243.224
762,183,461.694,260.689
762,133,323.035,221.174
762,141,693.987,154.328
762,179,749.299,72.0578
763,171,662.454,257.541
763,129,256.973,264.1
763,183,470.406,258.08
763,129,316.108,222.435
763,141,694.802,152.988
764,181,481.053,272.407
764,171,660.437,254.231
764,133,261.073,269.536
764,180,462.917,217.62
764,181,449.21,226.318
764,133,311.24,223.3
764,141,696.332,153.055
764,179,739.517,71.2644
765,129,486.824,277.726
765,184,273.239,237.187
765,152,658.137,252.936
765,129,455.298,221.725
765,129,283.135,251.614
765,140,695.858,154.161
765,179,750.187,65.5539
766,169,494.776,283.989
766,152,650.488,256.327
766,169,446.931,222.112
766,133,283.078,255.708
766,159,696.232,154.948
766,179,746.707,62.5729
767,169,498.629,283.942
767,171,647.523,258.104
767,133,284.372,255.306
767,141,695.289,154.595
767,179,749.47,64.3162
768,185,299.823,281.944
768,181,503.219,281.071
768,171,645.729,256.202
768,129,302.406,249.313
768,133,280.676,252.956
768,141,694.246,156.626
768,179,748.628,63.7175
769,183,515.164,288.715
769,171,641.497,253.474
769,133,290.937,262.521
769,141,692.323,156.322
769,179,751.053,71.11
770,185,301.211,307.944
770,181,519.132,290.625
770,171,637.67,251.389
770,133,300.747,228.255
770,129,271.667,222
770,129,269.667,205.667
770,141,692.271,156.048
770,179,752.246,69.6825
771,181,519.305,289.521
771,171,633.013,247.921
771,181,403.968,220.304
771,129,292.061,266.595
771,141,692.133,157.091
771,179,751.111,68.81
772,129,533.789,286.523
772,181,394.272,245.97
772,171,626.663,252.548
772,129,296.816,254.618
772,141,691.142,158.793
773,185,323.441,298.569
773,169,538.654,291.162
773,181,391.023,248.583
773,171,625.084,253.629
773,184,294.533,199.813
773,133,274.001,216.589
773,141,690.922,159.311
773,179,750.79,67.9837
774,185,332.049,305.955
774,169,541.806,292.254
774,181,380.025,243.929
774,152,624.58,253.456
774,133,312.391,214.986
774,133,283.007,218.52
774,140,689.916,161.307
774,179,749.049,60.8312
775,185,336.634,308.22
775,169,545.231,294.728
775,152,624.712,251.502
775,181,374.814,239.097
775,133,294.754,207.291
775,129,266.522,207.22
775,159,687.614,158.258
775,179,752.091,69.868
776,183,555.397,295.564
776,186,353.682,281.714
776,171,621.595,251.451
776,133,315.023,230.022
776,133,303.115,202.359
776,129,267.251,214.584
776,141,683.769,166.806
776,179,749.468,60.2342
777,183,560.652,295.095
777,186,352.886,281.683
777,171,620.675,249.392
777,133,313.714,218.695
777,129,265.325,217.967
777,141,681.488,168.112
777,179,748.945,60.0847
778,183,565.04,301.627
778,186,352.234,287.682
778,171,621.365,252.233
778,133,313.921,219.276
778,129,262.336,217.173
778,141,680.471,167.475
779,185,362.667,312.667
779,129,571.646,300.84
779,171,623.958,252.451
779,129,346.084,272.422
779,129,254.966,215.404
779,141,677.69,168.194
779,179,749.452,60.9357
780,187,365.881,337.163
780,129,578.063,300.941
780,133,316,255.333
780,171,624.745,254.889
780,129,342.01,254.034
780,133,252.863,213.465
780,141,676.718,169.076
780,179,749.262,61.6402
781,185,371.268,311.916
781,129,582.412,303.363
781,171,625.948,253.986
781,133,328.841,232.595
781,133,249.525,214.05
781,141,674.528,170.485
782,185,371.47,317.821
782,169,585.872,302.775
782,171,626.901,254.076
782,133,326.312,232.039
782,133,249.81,213.58
782,141,673.423,171.213
782,179,750.116,65.13
783,185,384.403,327.229
783,152,591.878,303.43
783,152,629.093,258.534
783,133,302.99,246.487
783,188,341.894,212.503
783,133,242.457,212.404
783,140,671.318,171.685
783,179,752,68.0831
784,185,387.532,328.216
784,169,595.223,305.316
784,152,630.784,261.426
784,133,299.104,248.135
784,181,347.441,212.749
784,129,241.505,210.231
784,159,670.01,172.815
785,185,391.627,328.603
785,189,612.737,288.216
785,133,296.389,246.982
785,133,349.738,212.019
785,129,240.245,209.058
785,141,667.868,174.832
785,179,749.284,61.8299
786,185,404.21,320.523
786,183,605.008,311.793
786,171,634.97,262.364
786,133,285.514,241.506
786,133,356.044,211.261
786,129,240.226,208.268
786,141,663.943,177.028
787,185,410.351,323.107
787,171,646.735,262.536
787,189,616.733,296.353
787,133,279.406,243.145
787,133,361.19,204.419
787,129,240.439,207.674
787,141,663.546,175.947
787,179,745.657,78.3737
788,185,413.67,311.638
788,189,623.343,295.19
788,129,275.235,244.301
788,188,365.965,203.494
788,129,239.142,206.21
788,141,662.769,176.031
789,185,415.53,327.194
789,189,629.346,299.973
789,133,267.283,241.249
789,188,371.205,196.165
789,133,237.253,202.819
789,141,661.474,178.943
789,179,749.647,61.2096
790,190,438.667,313
790,185,418.954,333.66
790,189,631.16,301.223
790,188,373.807,200.233
790,129,249.42,220.582
790,141,661.923,179.502
790,179,748.876,61.8894
791,190,424.17,304.627
791,185,439.914,313.38
791,191,662.343,248.293
791,192,648.333,244.333
791,133,247.343,221.735
791,193,638.837,272.241
792,185,443.136,326.765
792,189,636.213,304.976
792,133,245.526,221.309
792,140,663.592,181.264
792,179,745.688,79.6741
793,185,449.042,332.252
793,152,656.667,305.333
793,189,639.108,306.563
793,181,395.513,185.411
793,129,244.811,221.49
793,159,664.165,180.517
794,185,453.924,335.21
794,194,649.746,319.251
794,189,631.917,295.736
794,133,397.406,184.899
794,129,243.32,220.123
794,141,662.473,181.659
795,185,456.122,336.118
795,189,643.609,309.271
795,133,402.449,201.565
795,129,241.112,219.401
795,141,662.441,182.661
795,179,749.33,61.0982
